,ActiveFires,Step,TotalDrones,TotalPlanes,TotalEmissions,DroneEmissions,PlaneEmissions,Cost,DroneCost,PlaneCost,TotalCoverage,TotalWater
0,50,0,30,4,0.0,0.0,0.0,0.0,0.0,0.0,0.0,0
1,50,1,30,4,7.608857583333332,3.0014062499999996,4.607451333333334,20.053708333333336,3.450375000000002,16.603333333333335,1.6e-05,0
2,48,2,30,4,3344.8826214166666,6.004218750000004,3338.8784026666667,866.4085885416667,6.901921875000004,859.5066666666668,3.2e-05,16656
3,48,3,30,4,3352.681413957728,9.007031249999997,3343.6743827077285,887.5193229808258,10.353468750000001,877.1658542308257,4.800000000000003e-05,16656
4,47,4,30,4,5025.183914832123,12.009843749999995,5013.174071082123,1321.238390753318,13.805015624999996,1307.4333751283182,6.4e-05,24984
5,46,5,30,4,5032.002591518716,14.962609375000007,5017.039982143716,1338.4737064745568,17.186549999999997,1321.2871564745567,7.952941176470593e-05,24994
6,44,6,30,4,8368.572258830307,18.002865625000002,8350.569393205307,2182.1102431332956,20.669305312500015,2161.4409378207956,9.505882352941182e-05,41650
7,41,7,30,4,11705.627070474628,20.9556125,11684.67145797463,3028.3264027728596,24.050829375000017,3004.2755733978597,0.00011058823529411768,58316
8,41,8,30,4,11713.29440145168,23.99585000000002,11689.298551451677,3049.3996375807496,27.533574375000008,3021.8660632057495,0.00012658823529411767,58316
9,40,9,30,4,11720.874223053728,26.948578125000022,11693.925644928728,3070.371641138639,30.915088125000004,3039.456553013639,0.00014211764705882352,58326
10,40,10,30,4,11727.13307694744,29.98879687500001,11697.144280072444,3085.4865323006957,34.3978228125,3051.088709488196,0.0001581176470588236,58326
11,38,11,30,4,12343.786218341158,32.99155312500001,12310.794665216159,3250.120204712752,37.849338750000015,3212.2708659627524,0.00017411764705882351,61382
12,38,12,30,4,12656.10738165275,35.994309375000036,12620.113072277749,3343.7655019964905,41.30085468750001,3302.4646473089906,0.0001901176470588236,62910
13,37,13,30,4,12663.668592381613,38.947018750000026,12624.721573631614,3364.7299325494037,44.68235812500004,3320.0475744244036,0.00020564705882352937,62920
14,36,14,30,4,12670.883121860476,41.93717187500002,12628.945949985478,3384.100571539817,48.09507000000005,3336.0055015398166,0.0002211764705882353,62930
15,36,15,30,4,14343.235512797673,44.977353125000015,14298.258159672674,3817.7745460510628,51.577784062500044,3766.1967619885627,0.00023717647058823528,71258
16,36,16,30,4,14350.812955588735,47.98007187500003,14302.832883713734,3838.795228927722,55.02927937500003,3783.7659495527214,0.00025317647058823535,71258
17,36,17,30,4,14358.390398379795,50.982790625000014,14307.407607754796,3859.8159118043804,58.48077468750004,3801.3351371168806,0.0002691764705882352,71258
18,35,18,30,4,14365.917794295856,53.93546250000005,14311.982331795858,3880.7665821810397,61.862257500000034,3818.9043246810397,0.00028470588235294115,71268
19,34,19,30,4,14372.586351670254,56.92558750000004,14315.660764170252,3897.9567968285314,65.27495125000002,3832.6818455785315,0.00030023529411764727,71278
20,32,20,30,4,14683.89919550298,59.85629062500004,14624.04290487798,3987.6775198093574,68.60982000000003,3919.0676998093572,0.00031482352941176485,72816
21,33,21,30,4,14781.50962425298,62.87448437500004,14718.63513987798,4023.0726094968572,72.0459096875,3951.026699809357,0.00032988235294117654,72816
22,31,22,30,4,14878.98987195298,65.75512187500003,14813.23475007798,4058.2994554343572,75.31075562500001,3982.988699809357,0.00034399999999999996,72836
23,31,23,30,4,14976.65247610298,68.81074062500004,14907.841735477978,4093.731743246857,78.7780434375,4014.953699809357,0.0003590588235294118,72836
24,29,24,30,4,15072.995071077981,71.69135000000001,15001.30372107798,4124.089571059357,82.04287124999998,4042.046699809357,0.00037270588235294134,72856
25,28,25,30,4,15259.690364169646,74.63749062500003,15185.052873544646,4169.980680226024,85.36231374999998,4084.6183664760238,0.00038588235294117644,72866
26,26,26,30,4,15537.270351411313,77.53357500000001,15459.736776411313,4233.99176908019,88.61173593749999,4145.380033142691,0.00039858823529411754,72886
27,24,27,30,4,15814.850504877977,80.40770000000006,15734.442804877977,4297.965246371857,91.81454656249996,4206.150699809357,0.0004108235294117647,72906
28,24,28,30,4,16092.471496444647,83.30053750000005,16009.170958944645,4361.963317413523,95.03295093749999,4266.930366476024,0.00042305882352941185,72906
29,25,29,30,4,16370.114613611311,86.19337500000003,16283.921238611312,4425.97038845519,98.25135531249995,4327.71903314269,0.0004352941176470586,72906
30,25,30,30,4,16647.77985637798,89.08621250000003,16558.693643877978,4489.986459496857,101.46975968749996,4388.516699809357,0.0004475294117647058,72906
31,25,31,30,4,16835.44351641131,91.97905000000011,16743.46446641131,4539.61919720519,104.68816406249996,4434.9310331426905,0.00046023529411764704,72906
32,25,32,30,4,17022.943838302977,94.82184062500009,16928.121997677976,4588.646255746857,107.83655593749995,4480.809699809357,0.0004724705882352942,72916
33,25,33,30,4,17209.85615538631,97.7020843750001,17112.15407101131,4635.0021918926905,111.01615874999993,4523.986033142691,0.00048423529411764714,72926
34,24,34,30,4,17397.492050994646,100.5229062500001,17296.969144744646,4684.536303038523,114.11793656249993,4570.418366476024,0.000495529411764706,72936
35,24,35,30,4,17495.206479294648,103.43121875000013,17391.775260544644,4719.7853017885245,117.32093531249991,4602.464366476024,0.0005082352941176468,72936
36,24,36,30,4,17502.867111961314,106.30206875000009,17396.56504321131,4740.613748455191,120.49271531249991,4620.121033142692,0.0005214117647058823,72936
37,24,37,30,4,17510.52774462798,109.17291875000011,17401.354825877977,4761.442195121858,123.66449531249992,4637.777699809359,0.0005345882352941176,72936
38,22,38,30,4,19182.84204812798,111.99373125000011,19070.84831687798,5194.808965121859,126.76626531249994,5068.042699809359,0.0005472941176470587,81274
39,21,39,30,4,19190.396906606846,114.7925843750001,19075.60432223184,5215.507055987273,129.8214290624999,5085.685626924773,0.000559529411764706,81284
40,20,40,30,4,19197.989218210707,117.62889062500008,19080.36032758571,5236.236357790185,132.9078037499999,5103.328554040186,0.0005717647058823528,81294
41,20,41,30,4,19204.47118918957,119.35485625000013,19085.11633293957,5255.4175895930985,134.44610843749987,5120.971481155599,0.0005736470588235294,81294
42,19,42,30,4,20874.888618501773,121.08082187500007,20753.80779662677,5683.957154729345,135.98441312499992,5547.972741604345,0.0005755294117647059,89622
43,18,43,30,4,22546.040520501163,122.8067875000001,22423.233733001165,6115.732980314338,137.52271781249993,5978.210262501838,0.0005774117647058822,97950
44,18,44,30,4,22552.454936854425,124.53275312500006,22427.922183729424,6134.886733014744,139.06102249999992,5995.825710514744,0.0005792941176470588,97950
45,18,45,30,4,22558.229144874353,126.2587187500001,22431.970426124353,6151.332152381816,140.59932718749994,6010.7328251943145,0.0005811764705882351,97950
46,16,46,30,4,24534.050977894283,127.98468437500006,24406.06629351928,6655.702571748887,142.13763187499993,6513.564939873887,0.0005830588235294117,107806
47,16,47,30,4,24539.913252893675,129.7106500000001,24410.202602893674,6672.67339733388,143.67593656249986,6528.997460771379,0.0005849411764705882,107806
48,16,48,30,4,26210.351194559735,131.43661562500006,26078.91457893474,7101.710889585537,145.21424124999993,6956.496648335537,0.0005868235294117645,116134
49,16,49,30,4,26215.66752557966,133.1625812500001,26082.504944329663,7116.501308952609,146.75254593749992,6969.748763015109,0.000588235294117647,116134
50,15,50,30,4,27976.735606599592,134.88854687500003,27841.84705972459,7562.62572831968,148.29085062499988,7414.3348776946805,0.0005896470588235293,124462
51,15,51,30,4,28072.433368840044,136.61451250000007,27935.818856340047,7593.422741468832,149.8291553124999,7443.593586156332,0.0005910588235294118,124462
52,14,52,30,4,28472.842214613836,138.34047812500003,28334.501736488837,7696.8310879513165,151.3674599999999,7545.463627951317,0.000592,125990
53,14,53,30,4,28568.164404879895,140.06644375000008,28428.097961129897,7726.006580202975,152.90576468749993,7573.100815515475,0.0005929411764705882,125990
54,13,54,30,4,29059.24572034596,141.79240937500003,28917.453310970955,7846.519072454634,154.44406937499988,7692.075003079635,0.0005938823529411764,127518
55,13,55,30,4,29245.63188050429,143.51837500000008,29102.11350550429,7894.426710475467,155.9823740624999,7738.4443364129675,0.0005948235294117647,127518
56,13,56,30,4,29432.032791062622,145.24434062500004,29286.78845043762,7942.3403484963,157.52067874999986,7784.819669746301,0.0005957647058823528,127518
57,13,57,30,4,29618.44845202095,146.97030625000005,29471.478145770954,7990.259986517134,159.05898343749985,7831.201003079634,0.000596705882352941,127518
58,13,58,30,4,29804.878863379283,148.696271875,29656.182591504283,8038.185624537968,160.5972881249999,7877.588336412968,0.0005976470588235294,127518
59,13,59,30,4,29991.324025137612,150.4222375,29840.901787637617,8086.117262558799,162.13559281249985,7923.981669746299,0.0005985882352941176,127518
60,13,60,30,4,30087.760228962616,152.14820312499998,29935.61202583761,8119.6625672463,163.6738974999999,7955.988669746299,0.0006000000000000001,127518
61,13,61,30,4,30184.203807987615,153.87416875000002,30030.329639237614,8153.210871933799,165.21220218749994,7987.998669746299,0.0006014117647058823,127518
62,13,62,30,4,30280.654762212605,155.60013437499995,30125.05462783761,8186.7621766213,166.75050687499987,8020.0116697463,0.0006028235294117646,127518
63,13,63,30,4,30377.113091637606,157.3261,30219.786991637608,8220.316481308799,168.28881156249983,8052.0276697463,0.0006042352941176471,127518
64,13,64,30,4,30383.55508792927,159.05206562499998,30224.50302230427,8239.481452662965,169.82711624999982,8069.654336412965,0.0006061176470588235,127518
65,13,65,30,4,30389.997084220937,160.77803125000003,30229.219052970933,8258.646424017132,171.36542093749986,8087.281003079632,0.000608,127518
66,13,66,30,4,30396.4390805126,162.50399687499998,30233.9350836376,8277.811395371298,172.9037256249999,8104.907669746299,0.0006098823529411764,127518
67,14,67,30,4,30402.88107680426,164.2299625,30238.65111430426,8296.976366725465,174.44203031249992,8122.534336412964,0.0006117647058823528,127518
68,14,68,30,4,30409.323073095926,165.955928125,30243.36714497093,8316.141338079631,175.98033499999988,8140.161003079631,0.0006136470588235293,127518
69,14,69,30,4,30415.508986054258,167.68189375000003,30247.82709230426,8334.222976100464,177.51863968749987,8156.704336412964,0.0006155294117647059,127518
70,13,70,30,4,32085.886440679256,169.40785937499996,31916.478581304258,8762.746280787964,179.05694437499983,8583.689336412963,0.0006174117647058823,135846
71,12,71,30,4,33756.23011799145,171.13382499999997,33585.09629299145,9191.25584592421,180.59524906249982,9010.66059686171,0.0006192941176470588,144174
72,11,72,30,4,35427.30826799085,172.85979062499996,35254.44847736585,9623.0016715092,182.13355374999992,9440.8681177592,0.0006207058823529411,152502
73,11,73,30,4,35433.6489323441,174.58575624999997,35259.0631760941,9642.125424209606,183.67185843749988,9458.453565772106,0.0006225882352941176,152502
74,11,74,30,4,35439.989596697356,176.31172187499993,35263.67787482236,9661.24917691001,185.2101631249999,9476.03901378501,0.0006244705882352939,152502
75,11,75,30,4,35445.30592771729,178.0376874999999,35267.26824021728,9676.039596277082,186.74846781249988,9489.291128464583,0.0006258823529411764,152502
76,11,76,30,4,35449.98205040387,179.76365312499996,35270.21839727888,9688.121682310819,188.28677249999984,9499.83490981082,0.0006268235294117646,152502
77,11,77,30,4,35545.57817309047,181.48961874999995,35364.08855434047,9718.387768344559,189.82507718749983,9528.56269115706,0.000628235294117647,152502
78,10,78,30,4,35946.39754597706,183.2155843749999,35763.18196160206,9823.431854378297,191.3633818749998,9632.068472503297,0.0006296470588235294,154030
79,9,79,30,4,37707.47418002259,184.9415499999999,37522.53263002259,10269.559752847876,192.9016865624999,10076.658066285378,0.0006310588235294116,162358
80,9,80,30,4,37803.82070362198,186.66751562499996,37617.153187996984,10303.068578432869,194.43999124999988,10108.62858718287,0.000632470588235294,162358
81,9,81,30,4,37900.04656075471,188.39348124999998,37711.653079504715,10336.038737351195,195.97829593749984,10140.060441413694,0.0006338823529411764,162358
82,8,82,30,4,38301.033418087434,190.04132187499994,38110.992096212445,10442.09345876952,197.4481631249998,10244.64529564452,0.0006352941176470587,163886
83,8,83,30,4,38397.239619912434,191.61103749999992,38205.628582412435,10475.471888457017,198.84959281249985,10276.62229564452,0.0006367058823529411,163886
84,8,84,30,4,38493.45319693744,193.18075312499997,38300.27244381243,10508.853318144518,200.2510224999998,10308.60229564452,0.0006381176470588234,163886
85,8,85,30,4,38589.67414916243,194.75046874999995,38394.92368041242,10542.237747832018,201.65245218749993,10340.585295644518,0.0006395294117647058,163886
86,8,86,30,4,38685.82435158743,196.24205937499988,38489.58229221243,10575.556740019518,202.98544437499984,10372.571295644517,0.0006409411764705882,163886
87,8,87,30,4,38691.95822087909,197.73364999999987,38494.22457087909,10594.486398873683,204.31843656249984,10390.167962311183,0.0006423529411764704,163886
88,8,88,30,4,38698.09209017075,199.22524062499994,38498.86684954575,10613.416057727849,205.65142874999984,10407.76462897785,0.0006437647058823528,163886
89,8,89,30,4,38703.17341779575,200.56058124999993,38502.61283654575,10628.417174915348,206.8475459374998,10421.56962897785,0.0006451764705882352,163886
90,8,90,30,4,38799.09662042074,201.81779687499986,38597.27882354574,10661.533854602847,207.97522562499978,10453.558628977848,0.0006465882352941174,163886
91,8,91,30,4,38894.30886491241,202.99688749999984,38691.311977412406,10691.876763457016,209.03446781249983,10482.842295644514,0.000648,163886
92,8,92,30,4,38989.40044293741,204.17597812499992,38785.22446481241,10721.681005644514,210.09370999999987,10511.587295644515,0.0006489411764705881,163886
93,9,93,30,4,39085.26764616241,205.35506874999987,38879.912577412404,10754.738247832014,211.1529521874999,10543.585295644514,0.0006503529411764704,163886
94,9,94,30,4,39181.0640995874,206.45603437499983,38974.6080652124,10787.730052519513,212.14375687499984,10575.586295644514,0.0006517647058823528,163886
95,9,95,30,4,39276.8679282124,207.55699999999982,39069.3109282124,10820.724857207013,213.13456156249975,10607.590295644513,0.0006531764705882352,163886
96,9,96,30,4,39372.038923704065,208.65796562499992,39163.38095807906,10851.01432856118,214.12536624999981,10636.888962311179,0.0006541176470588234,163886
97,9,97,30,4,39467.08925272906,209.7589312499999,39257.330321479065,10880.765133248678,215.11617093749976,10665.64896231118,0.0006550588235294117,163886
98,9,98,30,4,39562.91520695406,210.85989687499986,39352.05531007906,10913.76893793618,216.1069756249999,10697.66196231118,0.0006559999999999998,163886
99,9,99,30,4,39658.748536379055,211.96086249999982,39446.78767387906,10946.775742623679,217.09778031249985,10729.677962311178,0.0006569411764705881,163886
100,9,100,30,4,39664.56553267072,213.0618281249999,39451.50370454572,10965.393213977844,218.08858499999985,10747.304628977847,0.0006578823529411763,163886
101,9,101,30,4,39670.38252896238,214.16279374999988,39456.219735212384,10984.01068533201,219.0793896874998,10764.93129564451,0.0006592941176470588,163886
102,9,102,30,4,39676.199525254044,215.26375937499978,39460.93576587905,11002.628156686178,220.0701943749998,10782.557962311175,0.000660705882352941,163886
103,9,103,30,4,39682.01652154571,216.3647249999998,39465.65179654571,11021.245628040342,221.06099906249977,10800.184628977844,0.0006621176470588234,163886
104,10,104,30,4,39687.833517837375,217.46569062499987,39470.36782721237,11039.86309939451,222.05180374999986,10817.81129564451,0.0006635294117647058,163886
105,10,105,30,4,39693.65051412903,218.56665624999985,39475.083857879035,11058.480570748678,223.04260843749984,10835.437962311174,0.0006649411764705881,163886
106,10,106,30,4,39699.4675104207,219.66762187499978,39479.7998885457,11077.09804210284,224.03341312499987,10853.064628977841,0.0006663529411764705,163886
107,10,107,30,4,39704.64429837902,220.76858749999974,39483.87571087903,11093.007180123675,225.02421781249984,10867.982962311175,0.0006672941176470587,163886
108,9,108,30,4,41374.26871133736,221.86955312499984,41152.39915821236,11520.441318144509,226.01502249999976,11294.426295644509,0.000668235294117647,172214
109,9,109,30,4,41470.07563864955,222.97051874999983,41247.105119899556,11553.437383280754,227.00582718749976,11326.431556093252,0.0006691764705882352,172214
110,9,110,30,4,41565.889941161746,224.07148437499976,41341.81845678674,11586.436448416998,227.99663187499974,11358.439816541999,0.0006701176470588234,172214
111,9,111,30,4,41661.583577207275,225.17244999999974,41436.41112720728,11618.89684688658,228.98743656249985,11389.90941032408,0.0006710588235294116,172214
112,8,112,30,4,43421.476130119474,226.27341562499984,43195.20271449447,12061.801912022825,229.97824124999985,11831.823670772827,0.0006719999999999999,180542
113,8,113,30,4,43515.74228091886,227.37438124999986,43288.367899668854,12088.296237607818,230.9690459374998,11857.327191670318,0.0006729411764705882,180542
114,6,114,30,4,45580.95972358492,228.4753468749998,45352.48437670992,12606.510229859477,231.95985062499977,12374.550379234477,0.0006743529411764706,190398
115,6,115,30,4,45676.73715009711,229.57631249999977,45447.16083759711,12639.494294995724,232.95065531249972,12406.543639683225,0.0006757647058823528,190398
116,6,116,30,4,45771.75370180931,230.67727812499984,45541.07642368431,12669.23136013197,233.94145999999978,12435.289900131971,0.0006771764705882352,190398
117,6,117,30,4,47532.249587054845,231.7782437499998,47300.471343304846,13114.829758601549,234.93226468749987,12879.89749391405,0.0006785882352941176,198726
118,6,118,30,4,47627.24711185424,232.87920937499973,47394.367902479244,13144.559084186541,235.92306937499984,12908.636014811542,0.0006799999999999998,198726
119,6,119,30,4,47937.700261853635,233.98017499999972,47703.72008685363,13235.757409771535,236.91387406249981,12998.843535709037,0.0006818823529411764,200254
120,6,120,30,4,47943.0932436453,234.7308781249998,47708.3623655203,13254.029662375704,237.5894599999998,13016.440202375703,0.0006837647058823529,200254
121,6,121,30,4,47947.73552231196,234.7308781249998,47713.00464418696,13271.62632904237,237.5894599999998,13034.036869042371,0.0006856470588235293,200254
122,7,122,30,4,47952.377800978626,234.7308781249998,47717.64692285363,13289.222995709037,237.5894599999998,13051.633535709037,0.0006870588235294118,200254
123,7,123,30,4,47956.12378797862,234.7308781249998,47721.392909853625,13303.027995709037,237.5894599999998,13065.438535709036,0.0006884705882352941,200254
124,7,124,30,4,48050.78977497862,234.7308781249998,47816.05889685362,13335.016995709037,237.5894599999998,13097.427535709037,0.0006898823529411763,200254
125,7,125,30,4,48145.46313717861,234.7308781249998,47910.73225905361,13367.008995709037,237.5894599999998,13129.419535709038,0.0006912941176470588,200254
126,7,126,30,4,48240.14387457861,234.7308781249998,48005.412996453604,13399.003995709036,237.5894599999998,13161.414535709036,0.0006927058823529411,200254
127,7,127,30,4,48334.06373717861,234.7308781249998,48099.332859053604,13427.751995709035,237.5894599999998,13190.162535709036,0.0006941176470588236,200254
128,6,128,30,4,50092.8227249786,234.7308781249998,49858.0918468536,13869.652995709037,237.5894599999998,13632.063535709036,0.0006950588235294118,208582
129,6,129,30,4,50186.08335233246,234.7308781249998,49951.35247420746,13895.684922824448,237.5894599999998,13658.095462824449,0.0006959999999999999,208582
130,5,130,30,4,51945.463521552985,234.7308781249998,51710.73264342799,14340.28651660653,237.5894599999998,14102.697056606528,0.0006969411764705883,216910
131,5,131,30,4,52039.345330327385,234.7308781249998,51804.61445220238,14369.019037504022,237.5894599999998,14131.429577504021,0.0006978823529411764,216910
132,4,132,30,4,52438.70647263511,234.7308781249998,52203.975594510106,14473.612891734845,237.5894599999998,14236.023431734846,0.0006983529411764706,218438
133,4,133,30,4,52533.3650844351,234.7308781249998,52298.6342063101,14505.598891734846,237.5894599999998,14268.009431734847,0.0006992941176470588,218438
134,4,134,30,4,52538.007363101766,234.7308781249998,52303.27648497676,14523.195558401514,237.5894599999998,14285.606098401511,0.000700235294117647,218438
135,4,135,30,4,52542.64964176843,234.7308781249998,52307.91876364343,14540.792225068179,237.5894599999998,14303.20276506818,0.0007011764705882353,218438
136,4,136,30,4,52547.29192043509,234.7308781249998,52312.56104231009,14558.388891734847,237.5894599999998,14320.799431734844,0.0007021176470588236,218438
137,4,137,30,4,52551.67811576843,234.7308781249998,52316.94723764343,14574.902225068177,237.5894599999998,14337.312765068178,0.0007035294117647058,218438
138,4,138,30,4,52555.424102768426,234.7308781249998,52320.69322464342,14588.70722506818,237.5894599999998,14351.117765068177,0.0007044705882352939,218438
139,4,139,30,4,52650.090089768426,234.7308781249998,52415.35921164342,14620.696225068177,237.5894599999998,14383.106765068178,0.0007054117647058824,218438
140,5,140,30,4,52744.76345196842,234.7308781249998,52510.03257384342,14652.68822506818,237.5894599999998,14415.098765068176,0.0007063529411764705,218438
141,5,141,30,4,52838.80398103508,234.7308781249998,52604.073102910086,14681.974891734846,237.5894599999998,14444.385431734845,0.0007068235294117646,218438
142,5,142,30,4,52932.59580196842,234.7308781249998,52697.86492384342,14710.18122506818,237.5894599999998,14472.591765068179,0.0007072941176470587,218438
143,5,143,30,4,53117.31499810175,234.7308781249998,52882.584119976746,14756.574558401513,237.5894599999998,14518.985098401512,0.0007077647058823528,218438
144,5,144,30,4,53300.76852796842,234.7308781249998,53066.03764984342,14797.55722506818,237.5894599999998,14559.96776506818,0.000708235294117647,218438
145,4,145,30,4,55149.45268323508,234.7308781249998,54914.721805110086,15253.320891734847,237.5894599999998,15015.731431734846,0.000708705882352941,226766
146,4,146,30,4,55333.54214492228,234.7308781249998,55098.81126679729,15297.010152183593,237.5894599999998,15059.420692183592,0.0007091764705882351,226766
147,3,147,30,4,57182.99027367614,234.7308781249998,56948.25939555114,15756.022079299004,237.5894599999998,15518.432619299005,0.0007096470588235293,235094
148,3,148,30,4,57367.715667183875,234.7308781249998,57132.98478905887,15802.41793352983,237.5894599999998,15564.828473529831,0.0007101176470588234,235094
149,3,149,30,4,57462.43210275826,234.7308781249998,57227.701224633274,15834.427454427325,237.5894599999998,15596.837994427326,0.0007110588235294117,235094
150,3,150,30,4,57557.15591353266,234.7308781249998,57322.425035407665,15866.439975324816,237.5894599999998,15628.850515324817,0.000712,235094
151,3,151,30,4,57651.887099507054,234.7308781249998,57417.15622138205,15898.455496222308,237.5894599999998,15660.866036222309,0.0007129411764705882,235094
152,3,152,30,4,57746.62566068144,234.7308781249998,57511.89478255645,15930.474017119803,237.5894599999998,15692.884557119804,0.0007138823529411764,235094
153,3,153,30,4,57751.34788872251,234.7308781249998,57516.6170105975,15948.103204683961,237.5894599999998,15710.513744683962,0.0007148235294117646,235094
154,3,154,30,4,57756.07011676356,234.7308781249998,57521.33923863857,15965.73239224812,237.5894599999998,15728.14293224812,0.0007162352941176471,235094
155,3,155,30,4,57760.79234480463,234.7308781249998,57526.061466679625,15983.36157981228,237.5894599999998,15745.77211981228,0.0007176470588235293,235094
156,3,156,30,4,57765.51457284568,234.7308781249998,57530.78369472068,16000.990767376437,237.5894599999998,15763.401307376438,0.0007190588235294117,235094
157,3,157,30,4,57770.236800886734,234.7308781249998,57535.505922761746,16018.619954940597,237.5894599999998,15781.030494940598,0.0007204705882352941,235094
158,3,158,30,4,57774.9590289278,234.7308781249998,57540.2281508028,16036.249142504756,237.5894599999998,15798.659682504756,0.0007218823529411764,235094
159,3,159,30,4,57779.68125696886,234.7308781249998,57544.95037884386,16053.878330068916,237.5894599999998,15816.288870068916,0.0007232941176470588,235094
160,3,160,30,4,57784.40348500991,234.7308781249998,57549.67260688492,16071.507517633076,237.5894599999998,15833.918057633076,0.0007247058823529411,235094
161,3,161,30,4,57789.12571305098,234.7308781249998,57554.39483492597,16089.136705197234,237.5894599999998,15851.547245197235,0.0007265882352941175,235094
162,3,162,30,4,57793.84794109203,234.7308781249998,57559.11706296704,16106.765892761392,237.5894599999998,15869.176432761393,0.0007284705882352941,235094
163,3,163,30,4,57798.5701691331,234.7308781249998,57563.839291008095,16124.395080325552,237.5894599999998,15886.805620325553,0.0007303529411764705,235094
164,3,164,30,4,57803.29239717415,234.7308781249998,57568.56151904915,16142.02426788971,237.5894599999998,15904.434807889711,0.000732235294117647,235094
165,3,165,30,4,57808.014625215204,234.7308781249998,57573.283747090216,16159.65345545387,237.5894599999998,15922.063995453871,0.0007341176470588235,235094
166,3,166,30,4,57812.2246865896,234.7308781249998,57577.493808464606,16175.115976351362,237.5894599999998,15937.526516351363,0.0007355294117647057,235094
167,2,167,30,4,59481.650622964,234.7308781249998,59246.919744839,16605.353497248856,237.5894599999998,16367.764037248857,0.0007374117647058823,243422
168,2,168,30,4,59485.57082369225,234.7308781249998,59250.839945567255,16619.71894526176,237.5894599999998,16382.129485261761,0.0007392941176470588,243422
169,0,169,30,4,61459.66669108717,234.7308781249998,61224.93581296217,17122.551059941332,237.5894599999998,16884.96159994133,0.0007411764705882351,253278
170,0,170,30,4,61462.522583794904,234.7308781249998,61227.7917056699,17132.56691417216,237.5894599999998,16894.97745417216,0.0007425882352941175,253278
171,0,171,30,4,61465.37847650262,234.7308781249998,61230.64759837763,17142.582768402986,237.5894599999998,16904.993308402984,0.0007439999999999999,253278
172,0,172,30,4,61468.23436921035,234.7308781249998,61233.50349108536,17152.59862263381,237.5894599999998,16915.00916263381,0.0007458823529411765,253278
173,0,173,30,4,61471.090261918085,234.7308781249998,61236.35938379308,17162.614476864637,237.5894599999998,16925.025016864638,0.0007477647058823529,253278
174,0,174,30,4,61473.562029625806,234.7308781249998,61238.83115150081,17171.005331095464,237.5894599999998,16933.415871095465,0.0007496470588235293,253278
175,0,175,30,4,61475.52163066687,234.7308781249998,61240.79075254187,17177.229518659624,237.5894599999998,16939.64005865962,0.0007505882352941176,253278
176,0,176,30,4,61568.40123170793,234.7308781249998,61333.67035358293,17201.637706223784,237.5894599999998,16964.048246223785,0.0007519999999999998,253278
177,0,177,30,4,61661.288207948994,234.7308781249998,61426.55732982399,17226.04889378794,237.5894599999998,16988.459433787943,0.0007534117647058823,253278
178,0,178,30,4,61754.18255939005,234.7308781249998,61519.451681265055,17250.463081352103,237.5894599999998,17012.873621352104,0.0007548235294117646,253278
179,0,179,30,4,61847.08428603111,234.7308781249998,61612.35340790611,17274.880268916262,237.5894599999998,17037.290808916263,0.0007562352941176469,253278
180,0,180,30,4,61939.99338787217,234.7308781249998,61705.262509747175,17299.300456480425,237.5894599999998,17061.710996480426,0.0007576470588235293,253278
181,0,181,30,4,62032.909864913236,234.7308781249998,61798.17898678823,17323.723644044585,237.5894599999998,17086.134184044582,0.0007590588235294116,253278
182,0,182,30,4,62125.833717154295,234.7308781249998,61891.1028390293,17348.149831608745,237.5894599999998,17110.560371608746,0.000760470588235294,253278
183,0,183,30,4,62218.76494459536,234.7308781249998,61984.034066470354,17372.579019172903,237.5894599999998,17134.989559172904,0.0007614117647058822,253278
184,0,184,30,4,62311.703547236415,234.7308781249998,62076.97266911142,17397.011206737065,237.5894599999998,17159.421746737065,0.0007623529411764703,253278
185,0,185,30,4,62404.649525077475,234.7308781249998,62169.91864695249,17421.446394301223,237.5894599999998,17183.856934301224,0.0007637647058823529,253278
186,0,186,30,4,62406.68287811854,234.7308781249998,62171.951999993544,17427.700581865385,237.5894599999998,17190.111121865386,0.0007656470588235293,253278
187,0,187,30,4,62408.33210615961,234.7308781249998,62173.601228034604,17432.329769429543,237.5894599999998,17194.740309429544,0.0007670588235294117,253278
188,0,188,30,4,62409.46916753399,234.7308781249998,62174.738289409,17434.792290327037,237.5894599999998,17197.202830327038,0.0007684705882352941,253278
189,0,189,30,4,62501.52622890839,234.7308781249998,62266.79535078339,17455.43881122453,237.5894599999998,17217.84935122453,0.0007698823529411763,253278
190,0,190,30,4,62593.59066548278,234.7308781249998,62358.859787357775,17476.088332122024,237.5894599999998,17238.498872122025,0.0007712941176470587,253278
191,0,191,30,4,62685.66247725717,234.7308781249998,62450.931599132164,17496.740853019517,237.5894599999998,17259.151393019514,0.0007727058823529411,253278
192,0,192,30,4,62777.74166423156,234.7308781249998,62543.01078610656,17517.39637391701,237.5894599999998,17279.80691391701,0.0007741176470588236,253278
193,0,193,30,4,62869.82822640595,234.7308781249998,62635.09734828095,17538.0548948145,237.5894599999998,17300.4654348145,0.0007755294117647058,253278
194,0,194,30,4,62961.92216378034,234.7308781249998,62727.191285655346,17558.716415711995,237.5894599999998,17321.126955711996,0.000776470588235294,253278
195,0,195,30,4,63054.023476354734,234.7308781249998,62819.29259822973,17579.380936609487,237.5894599999998,17341.791476609487,0.0007778823529411763,253278
196,0,196,30,4,63146.13216412913,234.7308781249998,62911.401286004126,17600.048457506982,237.5894599999998,17362.458997506983,0.0007788235294117646,253278
197,0,197,30,4,63238.24822710351,234.7308781249998,63003.51734897852,17620.718978404475,237.5894599999998,17383.129518404472,0.000780235294117647,253278
198,0,198,30,4,63330.37166527791,234.7308781249998,63095.64078715291,17641.39249930197,237.5894599999998,17403.80303930197,0.0007816470588235293,253278
199,0,199,30,4,63331.5824786523,234.7308781249998,63096.8516005273,17643.885020199457,237.5894599999998,17406.29556019946,0.0007835294117647057,253278
200,0,200,30,4,63332.7932920267,234.7308781249998,63098.062413901695,17646.377541096954,237.5894599999998,17408.788081096955,0.0007854117647058823,253278
201,0,201,30,4,63334.004105401094,234.7308781249998,63099.27322727609,17648.870061994443,237.5894599999998,17411.280601994447,0.0007872941176470588,253278
202,0,202,30,4,63335.214918775484,234.7308781249998,63100.48404065048,17651.36258289194,237.5894599999998,17413.77312289194,0.0007891764705882353,253278
203,0,203,30,4,63336.42573214987,234.7308781249998,63101.69485402487,17653.85510378943,237.5894599999998,17416.265643789433,0.0007905882352941177,253278
204,0,204,30,4,63337.63654552427,234.7308781249998,63102.90566739927,17656.347624686925,237.5894599999998,17418.758164686926,0.0007915294117647058,253278
205,0,205,30,4,63338.84735889867,234.7308781249998,63104.116480773664,17658.840145584414,237.5894599999998,17421.25068558442,0.0007934117647058823,253278
206,0,206,30,4,63340.05817227306,234.7308781249998,63105.32729414805,17661.33266648191,237.5894599999998,17423.74320648191,0.0007952941176470586,253278
207,0,207,30,4,63341.268985647446,234.7308781249998,63106.53810752244,17663.8251873794,237.5894599999998,17426.235727379404,0.0007971764705882352,253278
208,0,208,30,4,63342.47979902184,234.7308781249998,63107.74892089684,17666.317708276896,237.5894599999998,17428.728248276897,0.0007990588235294117,253278
209,0,209,30,4,63343.69061239624,234.7308781249998,63108.95973427124,17668.810229174385,237.5894599999998,17431.22076917439,0.000800470588235294,253278
210,0,210,30,4,63344.90142577063,234.7308781249998,63110.170547645626,17671.30275007188,237.5894599999998,17433.713290071883,0.0008023529411764705,253278
211,0,211,30,4,63346.11223914502,234.7308781249998,63111.381361020016,17673.79527096937,237.5894599999998,17436.205810969375,0.0008042352941176469,253278
212,0,212,30,4,63347.323052519416,234.7308781249998,63112.59217439441,17676.287791866867,237.5894599999998,17438.698331866868,0.0008056470588235293,253278
213,0,213,30,4,63348.53386589381,234.7308781249998,63113.80298776881,17678.780312764356,237.5894599999998,17441.19085276436,0.0008075294117647057,253278
214,0,214,30,4,63349.7446792682,234.7308781249998,63115.0138011432,17681.272833661853,237.5894599999998,17443.683373661854,0.0008094117647058823,253278
215,0,215,30,4,63350.95549264259,234.7308781249998,63116.22461451759,17683.765354559342,237.5894599999998,17446.175894559346,0.0008108235294117647,253278
216,0,216,30,4,63352.16630601699,234.7308781249998,63117.435427891985,17686.25787545684,237.5894599999998,17448.66841545684,0.0008127058823529412,253278
217,0,217,30,4,63353.377119391385,234.7308781249998,63118.64624126638,17688.750396354328,237.5894599999998,17451.160936354332,0.0008145882352941175,253278
218,0,218,30,4,63354.587932765775,234.7308781249998,63119.85705464077,17691.242917251824,237.5894599999998,17453.653457251825,0.0008159999999999999,253278
219,0,219,30,4,63355.798746140164,234.7308781249998,63121.06786801516,17693.735438149313,237.5894599999998,17456.145978149318,0.0008178823529411763,253278
220,0,220,30,4,63357.00955951456,234.7308781249998,63122.27868138956,17696.22795904681,237.5894599999998,17458.63849904681,0.0008197647058823527,253278
221,0,221,30,4,63358.22037288896,234.7308781249998,63123.489494763955,17698.7204799443,237.5894599999998,17461.131019944303,0.0008216470588235294,253278
222,0,222,30,4,63359.43118626335,234.7308781249998,63124.700308138345,17701.213000841795,237.5894599999998,17463.623540841796,0.0008225882352941175,253278
223,0,223,30,4,63360.64199963774,234.7308781249998,63125.911121512734,17703.705521739284,237.5894599999998,17466.11606173929,0.0008244705882352939,253278
224,0,224,30,4,63361.852813012134,234.7308781249998,63127.12193488713,17706.19804263678,237.5894599999998,17468.60858263678,0.0008258823529411765,253278
225,0,225,30,4,63363.06362638653,234.7308781249998,63128.33274826153,17708.69056353427,237.5894599999998,17471.101103534274,0.0008268235294117646,253278
226,0,226,30,4,63364.27443976092,234.7308781249998,63129.54356163592,17711.183084431766,237.5894599999998,17473.593624431767,0.000828235294117647,253278
227,0,227,30,4,63365.48525313531,234.7308781249998,63130.75437501031,17713.675605329256,237.5894599999998,17476.08614532926,0.0008301176470588235,253278
228,0,228,30,4,63366.69606650971,234.7308781249998,63131.965188384704,17716.168126226752,237.5894599999998,17478.578666226753,0.000832,253278
229,0,229,30,4,63367.9068798841,234.7308781249998,63133.1760017591,17718.66064712424,237.5894599999998,17481.071187124246,0.0008338823529411764,253278
230,0,230,30,4,63369.11769325849,234.7308781249998,63134.38681513349,17721.153168021738,237.5894599999998,17483.56370802174,0.0008357647058823529,253278
231,0,231,30,4,63370.32850663288,234.7308781249998,63135.59762850788,17723.645688919227,237.5894599999998,17486.05622891923,0.0008376470588235292,253278
232,0,232,30,4,63371.53932000728,234.7308781249998,63136.80844188228,17726.138209816723,237.5894599999998,17488.548749816724,0.0008395294117647059,253278
233,0,233,30,4,63372.750133381676,234.7308781249998,63138.01925525667,17728.630730714212,237.5894599999998,17491.041270714217,0.0008409411764705882,253278
234,0,234,30,4,63373.960946756066,234.7308781249998,63139.23006863106,17731.12325161171,237.5894599999998,17493.53379161171,0.0008423529411764704,253278
235,0,235,30,4,63375.171760130455,234.7308781249998,63140.44088200545,17733.615772509198,237.5894599999998,17496.026312509202,0.0008442352941176468,253278
236,0,236,30,4,63376.38257350485,234.7308781249998,63141.65169537985,17736.108293406694,237.5894599999998,17498.518833406695,0.0008456470588235293,253278
237,0,237,30,4,63377.59338687925,234.7308781249998,63142.862508754246,17738.600814304184,237.5894599999998,17501.011354304188,0.0008475294117647059,253278
238,0,238,30,4,63378.80420025364,234.7308781249998,63144.073322128635,17741.09333520168,237.5894599999998,17503.50387520168,0.0008494117647058823,253278
239,0,239,30,4,63380.01501362803,234.7308781249998,63145.284135503025,17743.58585609917,237.5894599999998,17505.996396099174,0.0008512941176470587,253278
240,0,240,30,4,63381.225827002425,234.7308781249998,63146.49494887742,17746.078376996666,237.5894599999998,17508.488916996666,0.0008531764705882352,253278
241,0,241,30,4,63382.43664037682,234.7308781249998,63147.70576225182,17748.570897894155,237.5894599999998,17510.98143789416,0.0008545882352941176,253278
242,0,242,30,4,63383.64745375121,234.7308781249998,63148.91657562621,17751.06341879165,237.5894599999998,17513.473958791652,0.000856,253278
243,0,243,30,4,63384.8582671256,234.7308781249998,63150.1273890006,17753.55593968914,237.5894599999998,17515.966479689145,0.0008578823529411764,253278
244,0,244,30,4,63386.0690805,234.7308781249998,63151.338202374995,17756.048460586637,237.5894599999998,17518.459000586638,0.0008597647058823527,253278
245,0,245,30,4,63387.279893874394,234.7308781249998,63152.54901574939,17758.540981484126,237.5894599999998,17520.95152148413,0.0008611764705882353,253278
246,0,246,30,4,63388.490707248784,234.7308781249998,63153.75982912378,17761.033502381622,237.5894599999998,17523.444042381623,0.0008630588235294116,253278
247,0,247,30,4,63389.70152062317,234.7308781249998,63154.97064249817,17763.52602327911,237.5894599999998,17525.936563279116,0.0008649411764705882,253278
248,0,248,30,4,63390.91233399757,234.7308781249998,63156.18145587257,17766.018544176608,237.5894599999998,17528.42908417661,0.0008658823529411764,253278
249,0,249,30,4,63392.12314737197,234.7308781249998,63157.392269246964,17768.511065074097,237.5894599999998,17530.9216050741,0.0008672941176470587,253278
250,0,250,30,4,63393.33396074636,234.7308781249998,63158.603082621354,17771.003585971594,237.5894599999998,17533.414125971594,0.0008687058823529409,253278
251,0,251,30,4,63394.544774120746,234.7308781249998,63159.81389599574,17773.496106869083,237.5894599999998,17535.906646869087,0.0008696470588235294,253278
252,0,252,30,4,63395.75558749514,234.7308781249998,63161.02470937014,17775.98862776658,237.5894599999998,17538.39916776658,0.0008715294117647058,253278
253,0,253,30,4,63396.96640086954,234.7308781249998,63162.23552274454,17778.48114866407,237.5894599999998,17540.891688664073,0.0008734117647058823,253278
254,0,254,30,4,63398.17721424393,234.7308781249998,63163.44633611893,17780.973669561565,237.5894599999998,17543.384209561566,0.0008752941176470587,253278
255,0,255,30,4,63399.38802761832,234.7308781249998,63164.657149493316,17783.466190459054,237.5894599999998,17545.87673045906,0.0008771764705882353,253278
256,0,256,30,4,63400.598840992716,234.7308781249998,63165.86796286771,17785.95871135655,237.5894599999998,17548.36925135655,0.0008785882352941175,253278
257,0,257,30,4,63401.80965436711,234.7308781249998,63167.07877624211,17788.45123225404,237.5894599999998,17550.861772254044,0.0008804705882352941,253278
258,0,258,30,4,63403.0204677415,234.7308781249998,63168.2895896165,17790.943753151536,237.5894599999998,17553.354293151537,0.0008818823529411763,253278
259,0,259,30,4,63404.23128111589,234.7308781249998,63169.50040299089,17793.436274049025,237.5894599999998,17555.84681404903,0.0008832941176470587,253278
260,0,260,30,4,63405.44209449029,234.7308781249998,63170.711216365286,17795.92879494652,237.5894599999998,17558.339334946522,0.000884235294117647,253278
261,0,261,30,4,63406.652907864685,234.7308781249998,63171.92202973968,17798.42131584401,237.5894599999998,17560.831855844015,0.0008856470588235294,253278
262,0,262,30,4,63407.863721239075,234.7308781249998,63173.13284311407,17800.913836741507,237.5894599999998,17563.324376741508,0.0008870588235294117,253278
263,0,263,30,4,63409.074534613464,234.7308781249998,63174.34365648846,17803.406357638996,237.5894599999998,17565.816897639,0.0008889411764705881,253278
264,0,264,30,4,63410.28534798786,234.7308781249998,63175.55446986286,17805.898878536493,237.5894599999998,17568.309418536493,0.0008908235294117646,253278
265,0,265,30,4,63411.49616136226,234.7308781249998,63176.765283237255,17808.391399433982,237.5894599999998,17570.801939433986,0.000892705882352941,253278
266,0,266,30,4,63412.70697473665,234.7308781249998,63177.976096611645,17810.88392033148,237.5894599999998,17573.29446033148,0.0008941176470588236,253278
267,0,267,30,4,63413.91778811104,234.7308781249998,63179.186909986034,17813.376441228967,237.5894599999998,17575.786981228972,0.0008955294117647057,253278
268,0,268,30,4,63415.128601485434,234.7308781249998,63180.39772336043,17815.868962126464,237.5894599999998,17578.279502126465,0.0008974117647058823,253278
269,0,269,30,4,63416.33941485983,234.7308781249998,63181.60853673483,17818.361483023953,237.5894599999998,17580.772023023957,0.0008992941176470588,253278
270,0,270,30,4,63417.55022823422,234.7308781249998,63182.81935010922,17820.85400392145,237.5894599999998,17583.26454392145,0.0009011764705882352,253278
271,0,271,30,4,63418.76104160861,234.7308781249998,63184.03016348361,17823.34652481894,237.5894599999998,17585.757064818943,0.0009025882352941177,253278
272,0,272,30,4,63419.97185498301,234.7308781249998,63185.240976858004,17825.839045716435,237.5894599999998,17588.249585716436,0.0009044705882352939,253278
273,0,273,30,4,63421.1826683574,234.7308781249998,63186.4517902324,17828.331566613924,237.5894599999998,17590.74210661393,0.0009063529411764706,253278
274,0,274,30,4,63422.39348173179,234.7308781249998,63187.66260360679,17830.82408751142,237.5894599999998,17593.23462751142,0.0009072941176470589,253278
275,0,275,30,4,63423.60429510618,234.7308781249998,63188.87341698118,17833.31660840891,237.5894599999998,17595.727148408914,0.0009091764705882352,253278
276,0,276,30,4,63424.81510848058,234.7308781249998,63190.08423035558,17835.809129306406,237.5894599999998,17598.219669306407,0.0009105882352941177,253278
277,0,277,30,4,63426.025921854976,234.7308781249998,63191.29504372997,17838.301650203895,237.5894599999998,17600.7121902039,0.0009124705882352941,253278
278,0,278,30,4,63427.236735229366,234.7308781249998,63192.50585710436,17840.794171101392,237.5894599999998,17603.204711101393,0.0009143529411764704,253278
279,0,279,30,4,63428.447548603755,234.7308781249998,63193.71667047875,17843.28669199888,237.5894599999998,17605.697231998885,0.0009162352941176471,253278
280,0,280,30,4,63429.65836197815,234.7308781249998,63194.92748385315,17845.779212896377,237.5894599999998,17608.18975289638,0.0009181176470588235,253278
281,0,281,30,4,63430.86917535255,234.7308781249998,63196.138297227546,17848.271733793867,237.5894599999998,17610.68227379387,0.0009199999999999998,253278
282,0,282,30,4,63432.07998872694,234.7308781249998,63197.349110601936,17850.764254691363,237.5894599999998,17613.174794691364,0.0009214117647058822,253278
283,0,283,30,4,63433.29080210133,234.7308781249998,63198.559923976325,17853.256775588852,237.5894599999998,17615.667315588857,0.0009232941176470587,253278
284,0,284,30,4,63434.501615475725,234.7308781249998,63199.77073735072,17855.74929648635,237.5894599999998,17618.15983648635,0.0009251764705882353,253278
285,0,285,30,4,63435.71242885012,234.7308781249998,63200.98155072512,17858.241817383838,237.5894599999998,17620.652357383842,0.0009270588235294116,253278
286,0,286,30,4,63436.92324222451,234.7308781249998,63202.19236409951,17860.734338281334,237.5894599999998,17623.144878281335,0.0009289411764705882,253278
287,0,287,30,4,63438.1340555989,234.7308781249998,63203.4031774739,17863.226859178823,237.5894599999998,17625.637399178828,0.0009308235294117645,253278
288,0,288,30,4,63439.3448689733,234.7308781249998,63204.613990848295,17865.71938007632,237.5894599999998,17628.12992007632,0.0009327058823529411,253278
289,0,289,30,4,63440.555682347695,234.7308781249998,63205.82480422269,17868.21190097381,237.5894599999998,17630.622440973813,0.0009345882352941176,253278
290,0,290,30,4,63441.766495722084,234.7308781249998,63207.03561759708,17870.704421871305,237.5894599999998,17633.114961871306,0.000936,253278
291,0,291,30,4,63442.97730909647,234.7308781249998,63208.24643097147,17873.196942768795,237.5894599999998,17635.6074827688,0.0009378823529411763,253278
292,0,292,30,4,63444.18812247087,234.7308781249998,63209.45724434587,17875.68946366629,237.5894599999998,17638.10000366629,0.0009392941176470588,253278
293,0,293,30,4,63445.39893584527,234.7308781249998,63210.668057720264,17878.18198456378,237.5894599999998,17640.592524563785,0.000940235294117647,253278
294,0,294,30,4,63446.60974921966,234.7308781249998,63211.878871094654,17880.674505461277,237.5894599999998,17643.085045461277,0.0009416470588235293,253278
295,0,295,30,4,63447.820562594046,234.7308781249998,63213.08968446904,17883.167026358766,237.5894599999998,17645.57756635877,0.0009435294117647058,253278
296,0,296,30,4,63449.03137596844,234.7308781249998,63214.30049784344,17885.659547256262,237.5894599999998,17648.070087256263,0.0009449411764705882,253278
297,0,297,30,4,63450.24218934284,234.7308781249998,63215.51131121784,17888.15206815375,237.5894599999998,17650.562608153756,0.0009463529411764704,253278
298,0,298,30,4,63451.45300271723,234.7308781249998,63216.72212459223,17890.644589051248,237.5894599999998,17653.05512905125,0.000948235294117647,253278
299,0,299,30,4,63452.66381609162,234.7308781249998,63217.932937966616,17893.137109948737,237.5894599999998,17655.54764994874,0.0009496470588235294,253278
300,0,300,30,4,63453.874629466016,234.7308781249998,63219.14375134101,17895.629630846233,237.5894599999998,17658.040170846234,0.0009510588235294116,253278
301,0,301,30,4,63455.08544284041,234.7308781249998,63220.35456471541,17898.122151743722,237.5894599999998,17660.532691743727,0.0009529411764705882,253278
302,0,302,30,4,63456.2962562148,234.7308781249998,63221.5653780898,17900.61467264122,237.5894599999998,17663.02521264122,0.0009543529411764705,253278
303,0,303,30,4,63457.50706958919,234.7308781249998,63222.77619146419,17903.107193538708,237.5894599999998,17665.517733538712,0.0009562352941176471,253278
304,0,304,30,4,63458.71788296359,234.7308781249998,63223.987004838586,17905.599714436205,237.5894599999998,17668.010254436205,0.0009581176470588234,253278
305,0,305,30,4,63459.928696337985,234.7308781249998,63225.19781821298,17908.092235333694,237.5894599999998,17670.502775333698,0.0009599999999999999,253278
306,0,306,30,4,63461.139509712375,234.7308781249998,63226.40863158737,17910.58475623119,237.5894599999998,17672.99529623119,0.0009618823529411763,253278
307,0,307,30,4,63462.350323086765,234.7308781249998,63227.61944496176,17913.07727712868,237.5894599999998,17675.487817128684,0.0009637647058823527,253278
308,0,308,30,4,63463.56113646116,234.7308781249998,63228.83025833616,17915.569798026176,237.5894599999998,17677.980338026176,0.0009656470588235294,253278
309,0,309,30,4,63464.77194983556,234.7308781249998,63230.041071710555,17918.062318923665,237.5894599999998,17680.47285892367,0.0009675294117647057,253278
310,0,310,30,4,63465.98276320995,234.7308781249998,63231.251885084945,17920.55483982116,237.5894599999998,17682.965379821162,0.0009694117647058823,253278
311,0,311,30,4,63467.19357658434,234.7308781249998,63232.462698459334,17923.04736071865,237.5894599999998,17685.457900718655,0.0009712941176470588,253278
312,0,312,30,4,63468.404389958734,234.7308781249998,63233.67351183373,17925.539881616147,237.5894599999998,17687.950421616148,0.0009722352941176469,253278
313,0,313,30,4,63469.61520333313,234.7308781249998,63234.88432520813,17928.032402513636,237.5894599999998,17690.44294251364,0.0009736470588235293,253278
314,0,314,30,4,63470.82601670752,234.7308781249998,63236.09513858252,17930.524923411132,237.5894599999998,17692.935463411133,0.0009755294117647059,253278
315,0,315,30,4,63472.03683008191,234.7308781249998,63237.30595195691,17933.01744430862,237.5894599999998,17695.427984308626,0.0009769411764705882,253278
316,0,316,30,4,63473.24764345631,234.7308781249998,63238.516765331304,17935.509965206118,237.5894599999998,17697.92050520612,0.0009783529411764704,253278
317,0,317,30,4,63474.458456830704,234.7308781249998,63239.7275787057,17938.002486103607,237.5894599999998,17700.41302610361,0.000979764705882353,253278
318,0,318,30,4,63475.66927020509,234.7308781249998,63240.93839208009,17940.495007001104,237.5894599999998,17702.905547001104,0.0009816470588235294,253278
319,0,319,30,4,63476.88008357948,234.7308781249998,63242.14920545448,17942.987527898593,237.5894599999998,17705.398067898597,0.0009830588235294115,253278
320,0,320,30,4,63478.09089695388,234.7308781249998,63243.36001882888,17945.48004879609,237.5894599999998,17707.89058879609,0.0009849411764705882,253278
321,0,321,30,4,63479.30171032828,234.7308781249998,63244.57083220327,17947.97256969358,237.5894599999998,17710.383109693583,0.0009863529411764705,253278
322,0,322,30,4,63480.512523702666,234.7308781249998,63245.78164557766,17950.465090591075,237.5894599999998,17712.875630591076,0.000988235294117647,253278
323,0,323,30,4,63481.723337077055,234.7308781249998,63246.99245895205,17952.957611488564,237.5894599999998,17715.36815148857,0.000989176470588235,253278
324,0,324,30,4,63482.93415045145,234.7308781249998,63248.20327232645,17955.45013238606,237.5894599999998,17717.86067238606,0.0009901176470588236,253278
325,0,325,30,4,63484.14496382585,234.7308781249998,63249.414085700846,17957.94265328355,237.5894599999998,17720.353193283554,0.0009919999999999998,253278
326,0,326,30,4,63485.35577720024,234.7308781249998,63250.624899075236,17960.435174181046,237.5894599999998,17722.845714181047,0.0009938823529411765,253278
327,0,327,30,4,63486.56659057463,234.7308781249998,63251.835712449625,17962.927695078535,237.5894599999998,17725.33823507854,0.000995764705882353,253278
328,0,328,30,4,63487.777403949025,234.7308781249998,63253.04652582402,17965.42021597603,237.5894599999998,17727.830755976032,0.000997647058823529,253278
329,0,329,30,4,63488.98821732342,234.7308781249998,63254.25733919842,17967.91273687352,237.5894599999998,17730.323276873525,0.0009985882352941174,253278
330,0,330,30,4,63490.19903069781,234.7308781249998,63255.46815257281,17970.405257771017,237.5894599999998,17732.815797771018,0.001000470588235294,253278
331,0,331,30,4,63491.4098440722,234.7308781249998,63256.6789659472,17972.897778668506,237.5894599999998,17735.30831866851,0.0010014117647058822,253278
332,0,332,30,4,63492.6206574466,234.7308781249998,63257.889779321595,17975.390299566003,237.5894599999998,17737.800839566004,0.0010028235294117646,253278
333,0,333,30,4,63493.831470820995,234.7308781249998,63259.10059269599,17977.882820463492,237.5894599999998,17740.293360463496,0.001004705882352941,253278
334,0,334,30,4,63495.042284195384,234.7308781249998,63260.31140607038,17980.37534136099,237.5894599999998,17742.78588136099,0.0010061176470588234,253278
335,0,335,30,4,63496.253097569774,234.7308781249998,63261.52221944477,17982.867862258478,237.5894599999998,17745.278402258482,0.001008,253278
336,0,336,30,4,63497.46391094417,234.7308781249998,63262.73303281917,17985.360383155974,237.5894599999998,17747.770923155975,0.0010094117647058822,253278
337,0,337,30,4,63498.67472431857,234.7308781249998,63263.943846193564,17987.852904053463,237.5894599999998,17750.263444053468,0.0010108235294117645,253278
338,0,338,30,4,63499.88553769296,234.7308781249998,63265.154659567954,17990.34542495096,237.5894599999998,17752.75596495096,0.0010127058823529412,253278
339,0,339,30,4,63501.09635106735,234.7308781249998,63266.36547294234,17992.83794584845,237.5894599999998,17755.248485848453,0.0010145882352941176,253278
340,0,340,30,4,63502.30716444174,234.7308781249998,63267.57628631674,17995.330466745945,237.5894599999998,17757.741006745946,0.001016,253278
341,0,341,30,4,63503.51797781614,234.7308781249998,63268.78709969114,17997.822987643434,237.5894599999998,17760.23352764344,0.0010178823529411764,253278
342,0,342,30,4,63504.72879119053,234.7308781249998,63269.99791306553,18000.31550854093,237.5894599999998,17762.72604854093,0.0010192941176470588,253278
343,0,343,30,4,63505.93960456492,234.7308781249998,63271.208726439916,18002.80802943842,237.5894599999998,17765.218569438424,0.0010211764705882352,253278
344,0,344,30,4,63507.150417939316,234.7308781249998,63272.41953981431,18005.300550335916,237.5894599999998,17767.711090335917,0.0010221176470588235,253278
345,0,345,30,4,63508.36123131371,234.7308781249998,63273.63035318871,18007.793071233405,237.5894599999998,17770.20361123341,0.0010230588235294116,253278
346,0,346,30,4,63509.5720446881,234.7308781249998,63274.8411665631,18010.285592130902,237.5894599999998,17772.696132130903,0.001024470588235294,253278
347,0,347,30,4,63510.78285806249,234.7308781249998,63276.05197993749,18012.77811302839,237.5894599999998,17775.188653028395,0.0010254117647058821,253278
348,0,348,30,4,63511.99367143689,234.7308781249998,63277.262793311886,18015.270633925888,237.5894599999998,17777.68117392589,0.0010268235294117647,253278
349,0,349,30,4,63513.204484811286,234.7308781249998,63278.47360668628,18017.763154823377,237.5894599999998,17780.17369482338,0.001028705882352941,253278
350,0,350,30,4,63514.415298185675,234.7308781249998,63279.68442006067,18020.255675720873,237.5894599999998,17782.666215720874,0.0010291764705882352,253278
351,0,351,30,4,63515.626111560065,234.7308781249998,63280.89523343506,18022.748196618362,237.5894599999998,17785.158736618367,0.0010310588235294116,253278
352,0,352,30,4,63516.83692493446,234.7308781249998,63282.10604680946,18025.24071751586,237.5894599999998,17787.65125751586,0.001032470588235294,253278
353,0,353,30,4,63518.04773830886,234.7308781249998,63283.316860183855,18027.733238413348,237.5894599999998,17790.143778413352,0.0010334117647058823,253278
354,0,354,30,4,63519.25855168325,234.7308781249998,63284.527673558245,18030.225759310844,237.5894599999998,17792.636299310845,0.0010343529411764706,253278
355,0,355,30,4,63520.46936505764,234.7308781249998,63285.738486932634,18032.718280208333,237.5894599999998,17795.128820208338,0.0010357647058823528,253278
356,0,356,30,4,63521.680178432034,234.7308781249998,63286.94930030703,18035.21080110583,237.5894599999998,17797.62134110583,0.0010371764705882354,253278
357,0,357,30,4,63522.89099180643,234.7308781249998,63288.16011368143,18037.70332200332,237.5894599999998,17800.113862003323,0.0010385882352941175,253278
358,0,358,30,4,63524.10180518082,234.7308781249998,63289.37092705582,18040.195842900815,237.5894599999998,17802.606382900816,0.00104,253278
359,0,359,30,4,63525.31261855521,234.7308781249998,63290.58174043021,18042.688363798305,237.5894599999998,17805.09890379831,0.0010409411764705882,253278
360,0,360,30,4,63526.52343192961,234.7308781249998,63291.792553804604,18045.1808846958,237.5894599999998,17807.591424695802,0.0010423529411764706,253278
361,0,361,30,4,63527.734245304004,234.7308781249998,63293.003367179,18047.67340559329,237.5894599999998,17810.083945593295,0.0010437647058823528,253278
362,0,362,30,4,63528.94505867839,234.7308781249998,63294.21418055339,18050.165926490787,237.5894599999998,17812.576466490787,0.0010451764705882351,253278
363,0,363,30,4,63530.15587205278,234.7308781249998,63295.42499392778,18052.658447388276,237.5894599999998,17815.06898738828,0.0010456470588235294,253278
364,0,364,30,4,63531.36668542718,234.7308781249998,63296.63580730218,18055.150968285772,237.5894599999998,17817.561508285773,0.0010470588235294118,253278
365,0,365,30,4,63532.57749880158,234.7308781249998,63297.84662067657,18057.64348918326,237.5894599999998,17820.054029183266,0.001048941176470588,253278
366,0,366,30,4,63533.788312175966,234.7308781249998,63299.05743405096,18060.136010080758,237.5894599999998,17822.54655008076,0.0010508235294117646,253278
367,0,367,30,4,63534.999125550356,234.7308781249998,63300.26824742535,18062.628530978247,237.5894599999998,17825.03907097825,0.001052705882352941,253278
368,0,368,30,4,63536.20993892475,234.7308781249998,63301.47906079975,18065.121051875743,237.5894599999998,17827.531591875744,0.0010541176470588234,253278
369,0,369,30,4,63537.42075229915,234.7308781249998,63302.689874174146,18067.613572773233,237.5894599999998,17830.024112773237,0.0010555294117647058,253278
370,0,370,30,4,63538.63156567354,234.7308781249998,63303.900687548536,18070.10609367073,237.5894599999998,17832.51663367073,0.0010569411764705882,253278
371,0,371,30,4,63539.84237904793,234.7308781249998,63305.111500922925,18072.59861456822,237.5894599999998,17835.009154568223,0.0010578823529411765,253278
372,0,372,30,4,63541.053192422325,234.7308781249998,63306.32231429732,18075.091135465715,237.5894599999998,17837.501675465715,0.0010597647058823527,253278
373,0,373,30,4,63542.26400579672,234.7308781249998,63307.53312767172,18077.583656363204,237.5894599999998,17839.994196363208,0.0010616470588235294,253278
374,0,374,30,4,63543.47481917111,234.7308781249998,63308.74394104611,18080.0761772607,237.5894599999998,17842.4867172607,0.0010630588235294117,253278
375,0,375,30,4,63544.6856325455,234.7308781249998,63309.9547544205,18082.56869815819,237.5894599999998,17844.979238158194,0.0010639999999999998,253278
376,0,376,30,4,63545.8964459199,234.7308781249998,63311.165567794895,18085.061219055686,237.5894599999998,17847.471759055687,0.0010658823529411763,253278
377,0,377,30,4,63547.107259294295,234.7308781249998,63312.37638116929,18087.553739953175,237.5894599999998,17849.96427995318,0.0010677647058823531,253278
378,0,378,30,4,63548.318072668684,234.7308781249998,63313.58719454368,18090.04626085067,237.5894599999998,17852.456800850672,0.0010696470588235293,253278
379,0,379,30,4,63549.528886043074,234.7308781249998,63314.79800791807,18092.53878174816,237.5894599999998,17854.949321748165,0.0010710588235294117,253278
380,0,380,30,4,63550.73969941747,234.7308781249998,63316.00882129247,18095.031302645657,237.5894599999998,17857.441842645658,0.0010729411764705881,253278
381,0,381,30,4,63551.95051279187,234.7308781249998,63317.219634666864,18097.523823543146,237.5894599999998,17859.93436354315,0.0010738823529411762,253278
382,0,382,30,4,63553.16132616626,234.7308781249998,63318.430448041254,18100.016344440643,237.5894599999998,17862.426884440643,0.0010757647058823529,253278
383,0,383,30,4,63554.37213954065,234.7308781249998,63319.64126141564,18102.50886533813,237.5894599999998,17864.919405338136,0.0010771764705882353,253278
384,0,384,30,4,63555.58295291504,234.7308781249998,63320.85207479004,18105.001386235628,237.5894599999998,17867.41192623563,0.0010781176470588236,253278
385,0,385,30,4,63556.79376628944,234.7308781249998,63322.06288816444,18107.493907133117,237.5894599999998,17869.90444713312,0.0010790588235294117,253278
386,0,386,30,4,63558.00457966383,234.7308781249998,63323.27370153883,18109.986428030614,237.5894599999998,17872.396968030615,0.001080470588235294,253278
387,0,387,30,4,63559.21539303822,234.7308781249998,63324.484514913216,18112.478948928103,237.5894599999998,17874.889488928107,0.0010818823529411762,253278
388,0,388,30,4,63560.426206412616,234.7308781249998,63325.69532828761,18114.9714698256,237.5894599999998,17877.3820098256,0.0010832941176470588,253278
389,0,389,30,4,63561.63701978701,234.7308781249998,63326.90614166201,18117.46399072309,237.5894599999998,17879.874530723093,0.0010851764705882352,253278
390,0,390,30,4,63562.8478331614,234.7308781249998,63328.1169550364,18119.956511620585,237.5894599999998,17882.367051620586,0.0010870588235294115,253278
391,0,391,30,4,63564.05864653579,234.7308781249998,63329.32776841079,18122.449032518074,237.5894599999998,17884.85957251808,0.001088,253278
392,0,392,30,4,63565.26945991019,234.7308781249998,63330.538581785186,18124.94155341557,237.5894599999998,17887.35209341557,0.0010894117647058821,253278
393,0,393,30,4,63566.480273284586,234.7308781249998,63331.74939515958,18127.43407431306,237.5894599999998,17889.844614313064,0.0010903529411764707,253278
394,0,394,30,4,63567.691086658975,234.7308781249998,63332.96020853397,18129.926595210556,237.5894599999998,17892.337135210557,0.0010912941176470588,253278
395,0,395,30,4,63568.901900033365,234.7308781249998,63334.17102190836,18132.419116108045,237.5894599999998,17894.82965610805,0.0010917647058823528,253278
396,0,396,30,4,63570.11271340776,234.7308781249998,63335.38183528276,18134.91163700554,237.5894599999998,17897.322177005542,0.0010927058823529412,253278
397,0,397,30,4,63571.32352678216,234.7308781249998,63336.592648657155,18137.40415790303,237.5894599999998,17899.814697903035,0.0010945882352941176,253278
398,0,398,30,4,63572.53434015655,234.7308781249998,63337.803462031545,18139.896678800527,237.5894599999998,17902.307218800528,0.001096470588235294,253278
399,0,399,30,4,63573.74515353094,234.7308781249998,63339.014275405934,18142.389199698016,237.5894599999998,17904.79973969802,0.0010974117647058823,253278
400,0,400,30,4,63574.955966905334,234.7308781249998,63340.22508878033,18144.881720595513,237.5894599999998,17907.292260595514,0.001098823529411765,253278
401,0,401,30,4,63576.16678027973,234.7308781249998,63341.43590215473,18147.374241493002,237.5894599999998,17909.784781493006,0.0011007058823529411,253278
402,0,402,30,4,63577.37759365412,234.7308781249998,63342.64671552912,18149.8667623905,237.5894599999998,17912.2773023905,0.0011025882352941174,253278
403,0,403,30,4,63578.58840702851,234.7308781249998,63343.85752890351,18152.359283287988,237.5894599999998,17914.769823287992,0.0011044705882352942,253278
404,0,404,30,4,63579.79922040291,234.7308781249998,63345.068342277904,18154.851804185484,237.5894599999998,17917.262344185485,0.0011058823529411764,253278
405,0,405,30,4,63581.010033777304,234.7308781249998,63346.2791556523,18157.344325082973,237.5894599999998,17919.754865082978,0.0011077647058823528,253278
406,0,406,30,4,63582.22084715169,234.7308781249998,63347.48996902669,18159.83684598047,237.5894599999998,17922.24738598047,0.0011091764705882352,253278
407,0,407,30,4,63583.43166052608,234.7308781249998,63348.70078240108,18162.32936687796,237.5894599999998,17924.739906877963,0.0011105882352941178,253278
408,0,408,30,4,63584.64247390048,234.7308781249998,63349.91159577548,18164.821887775455,237.5894599999998,17927.232427775456,0.001112470588235294,253278
409,0,409,30,4,63585.85328727488,234.7308781249998,63351.12240914987,18167.314408672944,237.5894599999998,17929.72494867295,0.001113411764705882,253278
410,0,410,30,4,63587.064100649266,234.7308781249998,63352.33322252426,18169.80692957044,237.5894599999998,17932.21746957044,0.0011148235294117647,253278
411,0,411,30,4,63588.274914023656,234.7308781249998,63353.54403589865,18172.29945046793,237.5894599999998,17934.709990467934,0.0011167058823529413,253278
412,0,412,30,4,63589.48572739805,234.7308781249998,63354.75484927305,18174.791971365426,237.5894599999998,17937.202511365427,0.0011176470588235294,253278
413,0,413,30,4,63590.69654077245,234.7308781249998,63355.965662647446,18177.284492262916,237.5894599999998,17939.69503226292,0.0011185882352941177,253278
414,0,414,30,4,63591.90735414684,234.7308781249998,63357.176476021836,18179.777013160412,237.5894599999998,17942.187553160413,0.0011190588235294118,253278
415,0,415,30,4,63593.11816752123,234.7308781249998,63358.387289396225,18182.2695340579,237.5894599999998,17944.680074057906,0.001120470588235294,253278
416,0,416,30,4,63594.328980895625,234.7308781249998,63359.59810277062,18184.762054955398,237.5894599999998,17947.1725949554,0.0011214117647058823,253278
417,0,417,30,4,63595.53979427002,234.7308781249998,63360.80891614502,18187.254575852887,237.5894599999998,17949.66511585289,0.0011228235294117647,253278
418,0,418,30,4,63596.75060764441,234.7308781249998,63362.01972951941,18189.747096750383,237.5894599999998,17952.157636750384,0.001124705882352941,253278
419,0,419,30,4,63597.9614210188,234.7308781249998,63363.2305428938,18192.239617647872,237.5894599999998,17954.650157647877,0.0011261176470588237,253278
420,0,420,30,4,63599.1722343932,234.7308781249998,63364.441356268195,18194.73213854537,237.5894599999998,17957.14267854537,0.001127058823529412,253278
421,0,421,30,4,63600.383047767595,234.7308781249998,63365.65216964259,18197.224659442858,237.5894599999998,17959.635199442862,0.0011284705882352941,253278
422,0,422,30,4,63601.593861141984,234.7308781249998,63366.86298301698,18199.717180340354,237.5894599999998,17962.127720340355,0.0011303529411764704,253278
423,0,423,30,4,63602.804674516374,234.7308781249998,63368.07379639137,18202.209701237844,237.5894599999998,17964.620241237848,0.0011312941176470587,253278
424,0,424,30,4,63604.01548789077,234.7308781249998,63369.28460976577,18204.70222213534,237.5894599999998,17967.11276213534,0.001132705882352941,253278
425,0,425,30,4,63605.22630126517,234.7308781249998,63370.495423140164,18207.19474303283,237.5894599999998,17969.605283032834,0.0011345882352941175,253278
426,0,426,30,4,63606.43711463956,234.7308781249998,63371.706236514554,18209.687263930326,237.5894599999998,17972.097803930326,0.0011359999999999999,253278
427,0,427,30,4,63607.64792801395,234.7308781249998,63372.91704988894,18212.179784827815,237.5894599999998,17974.59032482782,0.0011369411764705882,253278
428,0,428,30,4,63608.85874138834,234.7308781249998,63374.12786326334,18214.67230572531,237.5894599999998,17977.082845725312,0.0011388235294117646,253278
429,0,429,30,4,63610.06955476274,234.7308781249998,63375.33867663774,18217.1648266228,237.5894599999998,17979.575366622805,0.001140235294117647,253278
430,0,430,30,4,63611.28036813713,234.7308781249998,63376.54949001213,18219.657347520297,237.5894599999998,17982.067887520298,0.0011411764705882353,253278
431,0,431,30,4,63612.49118151152,234.7308781249998,63377.760303386516,18222.149868417786,237.5894599999998,17984.56040841779,0.0011430588235294117,253278
432,0,432,30,4,63613.701994885916,234.7308781249998,63378.97111676091,18224.642389315282,237.5894599999998,17987.052929315283,0.0011449411764705882,253278
433,0,433,30,4,63614.91280826031,234.7308781249998,63380.18193013531,18227.13491021277,237.5894599999998,17989.545450212776,0.0011463529411764707,253278
434,0,434,30,4,63616.1236216347,234.7308781249998,63381.3927435097,18229.627431110268,237.5894599999998,17992.03797111027,0.0011482352941176467,253278
435,0,435,30,4,63617.33443500909,234.7308781249998,63382.60355688409,18232.119952007757,237.5894599999998,17994.53049200776,0.0011496470588235291,253278
436,0,436,30,4,63618.54524838349,234.7308781249998,63383.814370258486,18234.612472905254,237.5894599999998,17997.023012905254,0.0011515294117647058,253278
437,0,437,30,4,63619.756061757886,234.7308781249998,63385.02518363288,18237.104993802743,237.5894599999998,17999.515533802747,0.0011534117647058824,253278
438,0,438,30,4,63620.966875132275,234.7308781249998,63386.23599700727,18239.59751470024,237.5894599999998,18002.00805470024,0.0011548235294117646,253278
439,0,439,30,4,63622.177688506665,234.7308781249998,63387.44681038166,18242.09003559773,237.5894599999998,18004.500575597733,0.001156235294117647,253278
440,0,440,30,4,63623.38850188106,234.7308781249998,63388.65762375606,18244.582556495225,237.5894599999998,18006.993096495225,0.0011581176470588236,253278
441,0,441,30,4,63624.59931525546,234.7308781249998,63389.868437130455,18247.075077392714,237.5894599999998,18009.48561739272,0.0011585882352941176,253278
442,0,442,30,4,63625.81012862985,234.7308781249998,63391.079250504845,18249.56759829021,237.5894599999998,18011.97813829021,0.001159529411764706,253278
443,0,443,30,4,63627.02094200424,234.7308781249998,63392.290063879234,18252.0601191877,237.5894599999998,18014.470659187704,0.0011614117647058822,253278
444,0,444,30,4,63628.231755378634,234.7308781249998,63393.50087725363,18254.552640085196,237.5894599999998,18016.963180085197,0.0011628235294117645,253278
445,0,445,30,4,63629.44256875303,234.7308781249998,63394.71169062803,18257.045160982685,237.5894599999998,18019.45570098269,0.0011642352941176471,253278
446,0,446,30,4,63630.65338212742,234.7308781249998,63395.92250400242,18259.53768188018,237.5894599999998,18021.948221880182,0.0011651764705882352,253278
447,0,447,30,4,63631.86419550181,234.7308781249998,63397.13331737681,18262.03020277767,237.5894599999998,18024.440742777675,0.0011665882352941176,253278
448,0,448,30,4,63633.07500887621,234.7308781249998,63398.344130751204,18264.522723675167,237.5894599999998,18026.933263675168,0.001168470588235294,253278
449,0,449,30,4,63634.285822250604,234.7308781249998,63399.5549441256,18267.015244572656,237.5894599999998,18029.42578457266,0.0011703529411764705,253278
450,0,450,30,4,63635.49663562499,234.7308781249998,63400.76575749999,18269.507765470153,237.5894599999998,18031.918305470153,0.001171764705882353,253278
451,0,451,30,4,63636.70744899938,234.7308781249998,63401.97657087438,18272.000286367642,237.5894599999998,18034.410826367646,0.0011736470588235293,253278
452,0,452,30,4,63637.91826237378,234.7308781249998,63403.18738424878,18274.49280726514,237.5894599999998,18036.90334726514,0.001175529411764706,253278
453,0,453,30,4,63639.12907574818,234.7308781249998,63404.39819762317,18276.985328162627,237.5894599999998,18039.39586816263,0.001176941176470588,253278
454,0,454,30,4,63640.339889122566,234.7308781249998,63405.60901099756,18279.477849060124,237.5894599999998,18041.888389060125,0.0011783529411764704,253278
455,0,455,30,4,63641.550702496956,234.7308781249998,63406.81982437195,18281.970369957613,237.5894599999998,18044.380909957617,0.0011802352941176469,253278
456,0,456,30,4,63642.76151587135,234.7308781249998,63408.03063774635,18284.46289085511,237.5894599999998,18046.87343085511,0.0011821176470588235,253278
457,0,457,30,4,63643.97232924575,234.7308781249998,63409.241451120746,18286.9554117526,237.5894599999998,18049.365951752603,0.0011830588235294118,253278
458,0,458,30,4,63645.18314262014,234.7308781249998,63410.452264495136,18289.447932650095,237.5894599999998,18051.858472650096,0.001184470588235294,253278
459,0,459,30,4,63646.39395599453,234.7308781249998,63411.663077869525,18291.940453547584,237.5894599999998,18054.35099354759,0.0011863529411764704,253278
460,0,460,30,4,63647.604769368925,234.7308781249998,63412.87389124392,18294.43297444508,237.5894599999998,18056.84351444508,0.001188235294117647,253278
461,0,461,30,4,63648.81558274332,234.7308781249998,63414.08470461832,18296.92549534257,237.5894599999998,18059.336035342574,0.0011901176470588235,253278
462,0,462,30,4,63650.02639611771,234.7308781249998,63415.29551799271,18299.418016240066,237.5894599999998,18061.828556240067,0.001192,253278
463,0,463,30,4,63651.2372094921,234.7308781249998,63416.5063313671,18301.910537137555,237.5894599999998,18064.32107713756,0.0011938823529411763,253278
464,0,464,30,4,63652.4480228665,234.7308781249998,63417.717144741495,18304.40305803505,237.5894599999998,18066.813598035053,0.0011957647058823528,253278
465,0,465,30,4,63653.658836240895,234.7308781249998,63418.92795811589,18306.89557893254,237.5894599999998,18069.306118932545,0.0011976470588235292,253278
466,0,466,30,4,63654.869649615284,234.7308781249998,63420.13877149028,18309.388099830037,237.5894599999998,18071.798639830038,0.0011995294117647056,253278
467,0,467,30,4,63656.080462989674,234.7308781249998,63421.34958486467,18311.880620727527,237.5894599999998,18074.29116072753,0.0012014117647058823,253278
468,0,468,30,4,63657.29127636407,234.7308781249998,63422.56039823907,18314.373141625023,237.5894599999998,18076.783681625024,0.0012032941176470585,253278
469,0,469,30,4,63658.50208973847,234.7308781249998,63423.771211613464,18316.865662522512,237.5894599999998,18079.276202522517,0.0012042352941176468,253278
470,0,470,30,4,63659.71290311286,234.7308781249998,63424.982024987854,18319.35818342001,237.5894599999998,18081.76872342001,0.0012056470588235292,253278
471,0,471,30,4,63660.92371648725,234.7308781249998,63426.19283836224,18321.850704317498,237.5894599999998,18084.261244317502,0.0012070588235294118,253278
472,0,472,30,4,63662.13452986164,234.7308781249998,63427.40365173664,18324.343225214994,237.5894599999998,18086.753765214995,0.0012089411764705882,253278
473,0,473,30,4,63663.34534323604,234.7308781249998,63428.61446511104,18326.835746112483,237.5894599999998,18089.246286112488,0.0012108235294117646,253278
474,0,474,30,4,63664.55615661043,234.7308781249998,63429.82527848543,18329.32826700998,237.5894599999998,18091.73880700998,0.001211764705882353,253278
475,0,475,30,4,63665.76696998482,234.7308781249998,63431.036091859816,18331.82078790747,237.5894599999998,18094.231327907473,0.0012131764705882353,253278
476,0,476,30,4,63666.977783359216,234.7308781249998,63432.24690523421,18334.313308804965,237.5894599999998,18096.723848804966,0.0012150588235294115,253278
477,0,477,30,4,63668.18859673361,234.7308781249998,63433.45771860861,18336.805829702455,237.5894599999998,18099.21636970246,0.0012159999999999999,253278
478,0,478,30,4,63669.399410108,234.7308781249998,63434.668531983,18339.29835059995,237.5894599999998,18101.70889059995,0.0012174117647058822,253278
479,0,479,30,4,63670.61022348239,234.7308781249998,63435.87934535739,18341.79087149744,237.5894599999998,18104.201411497444,0.0012188235294117646,253278
480,0,480,30,4,63671.82103685679,234.7308781249998,63437.090158731786,18344.283392394937,237.5894599999998,18106.693932394937,0.001220235294117647,253278
481,0,481,30,4,63673.031850231186,234.7308781249998,63438.30097210618,18346.775913292426,237.5894599999998,18109.18645329243,0.0012216470588235293,253278
482,0,482,30,4,63674.242663605575,234.7308781249998,63439.51178548057,18349.268434189922,237.5894599999998,18111.678974189923,0.0012225882352941177,253278
483,0,483,30,4,63675.453476979965,234.7308781249998,63440.72259885496,18351.76095508741,237.5894599999998,18114.171495087416,0.001224,253278
484,0,484,30,4,63676.66429035436,234.7308781249998,63441.93341222936,18354.253475984908,237.5894599999998,18116.66401598491,0.0012258823529411763,253278
485,0,485,30,4,63677.87510372876,234.7308781249998,63443.144225603755,18356.745996882397,237.5894599999998,18119.1565368824,0.0012268235294117646,253278
486,0,486,30,4,63679.08591710315,234.7308781249998,63444.355038978145,18359.238517779893,237.5894599999998,18121.649057779894,0.001228235294117647,253278
487,0,487,30,4,63680.29673047754,234.7308781249998,63445.565852352534,18361.731038677382,237.5894599999998,18124.141578677387,0.0012296470588235293,253278
488,0,488,30,4,63681.507543851934,234.7308781249998,63446.77666572693,18364.22355957488,237.5894599999998,18126.63409957488,0.0012305882352941174,253278
489,0,489,30,4,63682.71835722633,234.7308781249998,63447.98747910133,18366.716080472368,237.5894599999998,18129.126620472372,0.0012319999999999998,253278
490,0,490,30,4,63683.92917060072,234.7308781249998,63449.19829247572,18369.208601369864,237.5894599999998,18131.619141369865,0.0012334117647058822,253278
491,0,491,30,4,63685.13998397511,234.7308781249998,63450.40910585011,18371.701122267354,237.5894599999998,18134.111662267358,0.0012352941176470586,253278
492,0,492,30,4,63686.35079734951,234.7308781249998,63451.619919224504,18374.19364316485,237.5894599999998,18136.60418316485,0.0012367058823529412,253278
493,0,493,30,4,63687.561610723904,234.7308781249998,63452.8307325989,18376.68616406234,237.5894599999998,18139.096704062344,0.0012381176470588234,253278
494,0,494,30,4,63688.77242409829,234.7308781249998,63454.04154597329,18379.178684959836,237.5894599999998,18141.589224959836,0.0012399999999999998,253278
495,0,495,30,4,63689.98323747268,234.7308781249998,63455.25235934768,18381.671205857325,237.5894599999998,18144.08174585733,0.0012414117647058824,253278
496,0,496,30,4,63691.19405084708,234.7308781249998,63456.46317272208,18384.16372675482,237.5894599999998,18146.574266754822,0.0012432941176470588,253278
497,0,497,30,4,63692.40486422148,234.7308781249998,63457.67398609647,18386.65624765231,237.5894599999998,18149.066787652315,0.0012451764705882352,253278
498,0,498,30,4,63693.615677595866,234.7308781249998,63458.88479947086,18389.148768549807,237.5894599999998,18151.559308549808,0.0012465882352941178,253278
499,0,499,30,4,63694.826490970256,234.7308781249998,63460.09561284525,18391.641289447296,237.5894599999998,18154.0518294473,0.0012475294117647057,253278
500,0,500,30,4,63696.03730434465,234.7308781249998,63461.30642621965,18394.133810344792,237.5894599999998,18156.544350344793,0.001248941176470588,253278
501,0,501,30,4,63697.24811771905,234.7308781249998,63462.517239594046,18396.62633124228,237.5894599999998,18159.036871242286,0.0012503529411764707,253278
502,0,502,30,4,63698.45893109344,234.7308781249998,63463.728052968436,18399.118852139778,237.5894599999998,18161.52939213978,0.001252235294117647,253278
503,0,503,30,4,63699.66974446783,234.7308781249998,63464.938866342825,18401.611373037267,237.5894599999998,18164.02191303727,0.0012536470588235293,253278
504,0,504,30,4,63700.880557842225,234.7308781249998,63466.14967971722,18404.103893934764,237.5894599999998,18166.514433934764,0.0012555294117647057,253278
505,0,505,30,4,63702.09137121662,234.7308781249998,63467.36049309162,18406.596414832253,237.5894599999998,18169.006954832257,0.0012574117647058823,253278
506,0,506,30,4,63703.30218459101,234.7308781249998,63468.57130646601,18409.08893572975,237.5894599999998,18171.49947572975,0.0012583529411764704,253278
507,0,507,30,4,63704.5129979654,234.7308781249998,63469.7821198404,18411.58145662724,237.5894599999998,18173.991996627243,0.001260235294117647,253278
508,0,508,30,4,63705.7238113398,234.7308781249998,63470.992933214795,18414.073977524735,237.5894599999998,18176.484517524736,0.0012621176470588235,253278
509,0,509,30,4,63706.934624714195,234.7308781249998,63472.20374658919,18416.566498422224,237.5894599999998,18178.97703842223,0.0012639999999999997,253278
510,0,510,30,4,63708.145438088584,234.7308781249998,63473.41455996358,18419.05901931972,237.5894599999998,18181.46955931972,0.0012658823529411764,253278
511,0,511,30,4,63709.356251462974,234.7308781249998,63474.62537333797,18421.55154021721,237.5894599999998,18183.962080217214,0.001267294117647059,253278
512,0,512,30,4,63710.56706483737,234.7308781249998,63475.83618671237,18424.044061114706,237.5894599999998,18186.454601114707,0.0012691764705882352,253278
513,0,513,30,4,63711.77787821177,234.7308781249998,63477.047000086764,18426.536582012195,237.5894599999998,18188.9471220122,0.0012705882352941178,253278
514,0,514,30,4,63712.98869158616,234.7308781249998,63478.257813461154,18429.02910290969,237.5894599999998,18191.439642909692,0.001272,253278
515,0,515,30,4,63714.19950496055,234.7308781249998,63479.46862683554,18431.52162380718,237.5894599999998,18193.932163807185,0.0012738823529411763,253278
516,0,516,30,4,63715.41031833494,234.7308781249998,63480.67944020994,18434.014144704677,237.5894599999998,18196.424684704678,0.0012752941176470587,253278
517,0,517,30,4,63716.62113170934,234.7308781249998,63481.89025358434,18436.506665602166,237.5894599999998,18198.91720560217,0.0012771764705882351,253278
518,0,518,30,4,63717.83194508373,234.7308781249998,63483.10106695873,18438.999186499663,237.5894599999998,18201.409726499664,0.0012781176470588237,253278
519,0,519,30,4,63719.04275845812,234.7308781249998,63484.311880333116,18441.491707397152,237.5894599999998,18203.902247397156,0.00128,253278
520,0,520,30,4,63720.253571832516,234.7308781249998,63485.52269370751,18443.98422829465,237.5894599999998,18206.39476829465,0.0012814117647058823,253278
521,0,521,30,4,63721.46438520691,234.7308781249998,63486.73350708191,18446.476749192138,237.5894599999998,18208.887289192142,0.0012828235294117646,253278
522,0,522,30,4,63722.6751985813,234.7308781249998,63487.9443204563,18448.969270089634,237.5894599999998,18211.379810089635,0.001284705882352941,253278
523,0,523,30,4,63723.88601195569,234.7308781249998,63489.15513383069,18451.461790987123,237.5894599999998,18213.872330987127,0.0012861176470588234,253278
524,0,524,30,4,63725.09682533009,234.7308781249998,63490.365947205086,18453.95431188462,237.5894599999998,18216.36485188462,0.0012879999999999999,253278
525,0,525,30,4,63726.307638704486,234.7308781249998,63491.57676057948,18456.44683278211,237.5894599999998,18218.857372782113,0.0012898823529411763,253278
526,0,526,30,4,63727.518452078875,234.7308781249998,63492.78757395387,18458.939353679605,237.5894599999998,18221.349893679606,0.001291764705882353,253278
527,0,527,30,4,63728.729265453265,234.7308781249998,63493.99838732826,18461.431874577094,237.5894599999998,18223.8424145771,0.0012931764705882353,253278
528,0,528,30,4,63729.94007882766,234.7308781249998,63495.20920070266,18463.92439547459,237.5894599999998,18226.33493547459,0.0012950588235294117,253278
529,0,529,30,4,63731.15089220206,234.7308781249998,63496.420014077055,18466.41691637208,237.5894599999998,18228.827456372084,0.0012969411764705882,253278
530,0,530,30,4,63732.36170557645,234.7308781249998,63497.630827451445,18468.909437269576,237.5894599999998,18231.319977269577,0.0012983529411764705,253278
531,0,531,30,4,63733.57251895084,234.7308781249998,63498.841640825834,18471.401958167065,237.5894599999998,18233.81249816707,0.0012997647058823527,253278
532,0,532,30,4,63734.783332325234,234.7308781249998,63500.05245420023,18473.894479064562,237.5894599999998,18236.305019064563,0.001301176470588235,253278
533,0,533,30,4,63735.99414569963,234.7308781249998,63501.26326757463,18476.38699996205,237.5894599999998,18238.797539962055,0.0013025882352941177,253278
534,0,534,30,4,63737.20495907402,234.7308781249998,63502.47408094902,18478.879520859547,237.5894599999998,18241.29006085955,0.001304470588235294,253278
535,0,535,30,4,63738.41577244841,234.7308781249998,63503.68489432341,18481.372041757037,237.5894599999998,18243.78258175704,0.0013058823529411762,253278
536,0,536,30,4,63739.62658582281,234.7308781249998,63504.895707697804,18483.864562654533,237.5894599999998,18246.275102654534,0.001307764705882353,253278
537,0,537,30,4,63740.837399197204,234.7308781249998,63506.1065210722,18486.357083552022,237.5894599999998,18248.767623552027,0.001308705882352941,253278
538,0,538,30,4,63742.04821257159,234.7308781249998,63507.31733444659,18488.84960444952,237.5894599999998,18251.26014444952,0.0013101176470588236,253278
539,0,539,30,4,63743.25902594598,234.7308781249998,63508.52814782098,18491.342125347008,237.5894599999998,18253.752665347012,0.0013119999999999998,253278
540,0,540,30,4,63744.46983932038,234.7308781249998,63509.73896119538,18493.834646244504,237.5894599999998,18256.245186244505,0.001312941176470588,253278
541,0,541,30,4,63745.68065269478,234.7308781249998,63510.94977456977,18496.327167141993,237.5894599999998,18258.737707141998,0.0013138823529411764,253278
542,0,542,30,4,63746.891466069166,234.7308781249998,63512.16058794416,18498.81968803949,237.5894599999998,18261.23022803949,0.0013148235294117645,253278
543,0,543,30,4,63748.102279443556,234.7308781249998,63513.37140131855,18501.31220893698,237.5894599999998,18263.722748936983,0.0013162352941176471,253278
544,0,544,30,4,63749.31309281795,234.7308781249998,63514.58221469295,18503.804729834475,237.5894599999998,18266.215269834476,0.0013181176470588233,253278
545,0,545,30,4,63750.52390619235,234.7308781249998,63515.793028067346,18506.297250731965,237.5894599999998,18268.70779073197,0.001319529411764706,253278
546,0,546,30,4,63751.73471956674,234.7308781249998,63517.003841441736,18508.78977162946,237.5894599999998,18271.20031162946,0.0013209411764705883,253278
547,0,547,30,4,63752.94553294113,234.7308781249998,63518.214654816125,18511.28229252695,237.5894599999998,18273.692832526955,0.0013228235294117647,253278
548,0,548,30,4,63754.156346315525,234.7308781249998,63519.42546819052,18513.774813424447,237.5894599999998,18276.185353424447,0.0013237647058823526,253278
549,0,549,30,4,63755.36715968992,234.7308781249998,63520.63628156492,18516.267334321936,237.5894599999998,18278.67787432194,0.0013251764705882352,253278
550,0,550,30,4,63756.57797306431,234.7308781249998,63521.84709493931,18518.759855219432,237.5894599999998,18281.170395219433,0.0013265882352941178,253278
551,0,551,30,4,63757.7887864387,234.7308781249998,63523.0579083137,18521.25237611692,237.5894599999998,18283.662916116926,0.0013279999999999998,253278
552,0,552,30,4,63758.9995998131,234.7308781249998,63524.268721688095,18523.744897014418,237.5894599999998,18286.15543701442,0.0013294117647058823,253278
553,0,553,30,4,63760.210413187495,234.7308781249998,63525.47953506249,18526.237417911907,237.5894599999998,18288.64795791191,0.0013312941176470588,253278
554,0,554,30,4,63761.421226561884,234.7308781249998,63526.69034843688,18528.729938809403,237.5894599999998,18291.140478809404,0.0013331764705882352,253278
555,0,555,30,4,63762.632039936274,234.7308781249998,63527.90116181127,18531.222459706893,237.5894599999998,18293.632999706897,0.0013345882352941176,253278
556,0,556,30,4,63763.84285331067,234.7308781249998,63529.11197518567,18533.71498060439,237.5894599999998,18296.12552060439,0.001336,253278
557,0,557,30,4,63765.05366668507,234.7308781249998,63530.322788560065,18536.207501501878,237.5894599999998,18298.618041501883,0.0013378823529411766,253278
558,0,558,30,4,63766.26448005946,234.7308781249998,63531.533601934454,18538.700022399375,237.5894599999998,18301.110562399375,0.0013392941176470585,253278
559,0,559,30,4,63767.47529343385,234.7308781249998,63532.74441530884,18541.192543296864,237.5894599999998,18303.603083296868,0.001340705882352941,253278
560,0,560,30,4,63768.68610680824,234.7308781249998,63533.95522868324,18543.68506419436,237.5894599999998,18306.09560419436,0.0013421176470588235,253278
561,0,561,30,4,63769.89692018264,234.7308781249998,63535.16604205764,18546.17758509185,237.5894599999998,18308.588125091854,0.0013435294117647059,253278
562,0,562,30,4,63771.10773355703,234.7308781249998,63536.37685543203,18548.670105989346,237.5894599999998,18311.080645989347,0.0013449411764705882,253278
563,0,563,30,4,63772.31854693142,234.7308781249998,63537.587668806416,18551.162626886835,237.5894599999998,18313.57316688684,0.0013463529411764704,253278
564,0,564,30,4,63773.529360305816,234.7308781249998,63538.79848218081,18553.65514778433,237.5894599999998,18316.065687784332,0.0013477647058823528,253278
565,0,565,30,4,63774.74017368021,234.7308781249998,63540.00929555521,18556.14766868182,237.5894599999998,18318.558208681825,0.0013496470588235294,253278
566,0,566,30,4,63775.9509870546,234.7308781249998,63541.2201089296,18558.640189579317,237.5894599999998,18321.050729579318,0.0013510588235294118,253278
567,0,567,30,4,63777.16180042899,234.7308781249998,63542.43092230399,18561.132710476806,237.5894599999998,18323.54325047681,0.0013529411764705882,253278
568,0,568,30,4,63778.37261380339,234.7308781249998,63543.641735678386,18563.625231374303,237.5894599999998,18326.035771374303,0.0013538823529411765,253278
569,0,569,30,4,63779.583427177786,234.7308781249998,63544.85254905278,18566.11775227179,237.5894599999998,18328.528292271796,0.0013548235294117644,253278
570,0,570,30,4,63780.794240552175,234.7308781249998,63546.06336242717,18568.610273169288,237.5894599999998,18331.02081316929,0.0013567058823529413,253278
571,0,571,30,4,63782.005053926565,234.7308781249998,63547.27417580156,18571.102794066777,237.5894599999998,18333.51333406678,0.0013581176470588235,253278
572,0,572,30,4,63783.21586730096,234.7308781249998,63548.48498917596,18573.595314964274,237.5894599999998,18336.005854964274,0.00136,253278
573,0,573,30,4,63784.42668067536,234.7308781249998,63549.695802550355,18576.087835861763,237.5894599999998,18338.498375861767,0.0013618823529411763,253278
574,0,574,30,4,63785.63749404975,234.7308781249998,63550.906615924745,18578.58035675926,237.5894599999998,18340.99089675926,0.0013637647058823527,253278
575,0,575,30,4,63786.84830742414,234.7308781249998,63552.117429299135,18581.07287765675,237.5894599999998,18343.483417656753,0.001364705882352941,253278
576,0,576,30,4,63788.059120798534,234.7308781249998,63553.32824267353,18583.565398554245,237.5894599999998,18345.975938554246,0.0013661176470588236,253278
577,0,577,30,4,63789.26993417293,234.7308781249998,63554.53905604793,18586.057919451734,237.5894599999998,18348.46845945174,0.0013675294117647058,253278
578,0,578,30,4,63790.48074754732,234.7308781249998,63555.74986942232,18588.55044034923,237.5894599999998,18350.96098034923,0.0013694117647058822,253278
579,0,579,30,4,63791.69156092171,234.7308781249998,63556.96068279671,18591.04296124672,237.5894599999998,18353.453501246724,0.0013708235294117646,253278
580,0,580,30,4,63792.90237429611,234.7308781249998,63558.171496171104,18593.535482144216,237.5894599999998,18355.946022144217,0.0013722352941176468,253278
581,0,581,30,4,63794.113187670504,234.7308781249998,63559.3823095455,18596.028003041705,237.5894599999998,18358.43854304171,0.0013736470588235294,253278
582,0,582,30,4,63795.32400104489,234.7308781249998,63560.59312291989,18598.5205239392,237.5894599999998,18360.931063939202,0.0013750588235294117,253278
583,0,583,30,4,63796.53481441928,234.7308781249998,63561.80393629428,18601.01304483669,237.5894599999998,18363.423584836695,0.0013769411764705882,253278
584,0,584,30,4,63797.74562779368,234.7308781249998,63563.01474966868,18603.505565734187,237.5894599999998,18365.916105734188,0.0013783529411764707,253278
585,0,585,30,4,63798.95644116808,234.7308781249998,63564.22556304307,18605.998086631676,237.5894599999998,18368.40862663168,0.001380235294117647,253278
586,0,586,30,4,63800.167254542466,234.7308781249998,63565.43637641746,18608.490607529173,237.5894599999998,18370.901147529174,0.0013816470588235293,253278
587,0,587,30,4,63801.378067916856,234.7308781249998,63566.64718979185,18610.983128426662,237.5894599999998,18373.393668426666,0.0013825882352941174,253278
588,0,588,30,4,63802.58888129125,234.7308781249998,63567.85800316625,18613.47564932416,237.5894599999998,18375.88618932416,0.001384,253278
589,0,589,30,4,63803.79969466565,234.7308781249998,63569.06881654065,18615.968170221648,237.5894599999998,18378.378710221652,0.0013854117647058824,253278
590,0,590,30,4,63805.01050804004,234.7308781249998,63570.279629915036,18618.460691119144,237.5894599999998,18380.871231119145,0.0013868235294117646,253278
591,0,591,30,4,63806.22132141443,234.7308781249998,63571.490443289425,18620.953212016633,237.5894599999998,18383.363752016638,0.001388235294117647,253278
592,0,592,30,4,63807.432134788825,234.7308781249998,63572.70125666382,18623.44573291413,237.5894599999998,18385.85627291413,0.0013901176470588234,253278
593,0,593,30,4,63808.64294816322,234.7308781249998,63573.91207003822,18625.93825381162,237.5894599999998,18388.348793811623,0.0013919999999999998,253278
594,0,594,30,4,63809.85376153761,234.7308781249998,63575.12288341261,18628.430774709115,237.5894599999998,18390.841314709116,0.0013934117647058824,253278
595,0,595,30,4,63811.064574912,234.7308781249998,63576.333696787,18630.923295606604,237.5894599999998,18393.33383560661,0.0013943529411764705,253278
596,0,596,30,4,63812.2753882864,234.7308781249998,63577.544510161395,18633.4158165041,237.5894599999998,18395.8263565041,0.0013957647058823529,253278
597,0,597,30,4,63813.486201660795,234.7308781249998,63578.75532353579,18635.90833740159,237.5894599999998,18398.318877401594,0.0013971764705882352,253278
598,0,598,30,4,63814.697015035184,234.7308781249998,63579.96613691018,18638.400858299086,237.5894599999998,18400.811398299087,0.0013981176470588236,253278
599,0,599,30,4,63815.907828409574,234.7308781249998,63581.17695028457,18640.893379196576,237.5894599999998,18403.30391919658,0.0013990588235294119,253278
600,0,600,30,4,63817.11864178397,234.7308781249998,63582.38776365897,18643.385900094072,237.5894599999998,18405.796440094073,0.0014004705882352943,253278
601,0,601,30,4,63818.32945515837,234.7308781249998,63583.598577033365,18645.87842099156,237.5894599999998,18408.288960991566,0.0014023529411764705,253278
602,0,602,30,4,63819.54026853276,234.7308781249998,63584.809390407754,18648.370941889058,237.5894599999998,18410.78148188906,0.0014042352941176471,253278
603,0,603,30,4,63820.75108190715,234.7308781249998,63586.020203782144,18650.863462786547,237.5894599999998,18413.27400278655,0.0014056470588235295,253278
604,0,604,30,4,63821.96189528154,234.7308781249998,63587.23101715654,18653.355983684043,237.5894599999998,18415.766523684044,0.0014065882352941176,253278
605,0,605,30,4,63823.17270865594,234.7308781249998,63588.44183053094,18655.848504581532,237.5894599999998,18418.259044581537,0.0014075294117647057,253278
606,0,606,30,4,63824.38352203033,234.7308781249998,63589.65264390533,18658.341025479025,237.5894599999998,18420.751565479026,0.001408941176470588,253278
607,0,607,30,4,63825.59433540472,234.7308781249998,63590.86345727972,18660.833546376518,237.5894599999998,18423.244086376522,0.0014108235294117647,253278
608,0,608,30,4,63826.805148779116,234.7308781249998,63592.07427065411,18663.326067274014,237.5894599999998,18425.736607274015,0.001412235294117647,253278
609,0,609,30,4,63828.01596215351,234.7308781249998,63593.28508402851,18665.818588171504,237.5894599999998,18428.229128171508,0.0014141176470588235,253278
610,0,610,30,4,63829.2267755279,234.7308781249998,63594.4958974029,18668.311109068996,237.5894599999998,18430.721649068997,0.0014159999999999997,253278
611,0,611,30,4,63830.43758890229,234.7308781249998,63595.70671077729,18670.80362996649,237.5894599999998,18433.214169966494,0.0014178823529411766,253278
612,0,612,30,4,63831.64840227669,234.7308781249998,63596.917524151686,18673.296150863986,237.5894599999998,18435.706690863986,0.0014192941176470587,253278
613,0,613,30,4,63832.859215651086,234.7308781249998,63598.12833752608,18675.788671761475,237.5894599999998,18438.19921176148,0.001421176470588235,253278
614,0,614,30,4,63834.070029025475,234.7308781249998,63599.33915090047,18678.281192658967,237.5894599999998,18440.69173265897,0.0014221176470588233,253278
615,0,615,30,4,63835.280842399865,234.7308781249998,63600.54996427486,18680.77371355646,237.5894599999998,18443.184253556465,0.0014235294117647059,253278
616,0,616,30,4,63836.49165577426,234.7308781249998,63601.76077764926,18683.266234453957,237.5894599999998,18445.676774453957,0.0014244705882352942,253278
617,0,617,30,4,63837.70246914866,234.7308781249998,63602.971591023655,18685.758755351446,237.5894599999998,18448.16929535145,0.0014263529411764706,253278
618,0,618,30,4,63838.91328252305,234.7308781249998,63604.182404398045,18688.25127624894,237.5894599999998,18450.66181624894,0.0014282352941176468,253278
619,0,619,30,4,63840.12409589744,234.7308781249998,63605.393217772435,18690.74379714643,237.5894599999998,18453.154337146436,0.0014296470588235292,253278
620,0,620,30,4,63841.334909271834,234.7308781249998,63606.60403114683,18693.236318043928,237.5894599999998,18455.64685804393,0.0014310588235294116,253278
621,0,621,30,4,63842.54572264623,234.7308781249998,63607.81484452123,18695.728838941417,237.5894599999998,18458.13937894142,0.0014319999999999997,253278
622,0,622,30,4,63843.75653602062,234.7308781249998,63609.02565789562,18698.22135983891,237.5894599999998,18460.63189983891,0.0014334117647058823,253278
623,0,623,30,4,63844.96734939501,234.7308781249998,63610.23647127001,18700.713880736403,237.5894599999998,18463.124420736407,0.001435294117647059,253278
624,0,624,30,4,63846.17816276941,234.7308781249998,63611.447284644404,18703.2064016339,237.5894599999998,18465.6169416339,0.001436705882352941,253278
625,0,625,30,4,63847.388976143804,234.7308781249998,63612.6580980188,18705.69892253139,237.5894599999998,18468.109462531393,0.0014381176470588234,253278
626,0,626,30,4,63848.59978951819,234.7308781249998,63613.86891139319,18708.19144342888,237.5894599999998,18470.60198342888,0.0014390588235294118,253278
627,0,627,30,4,63849.81060289258,234.7308781249998,63615.07972476758,18710.683964326374,237.5894599999998,18473.09450432638,0.0014404705882352941,253278
628,0,628,30,4,63851.02141626698,234.7308781249998,63616.29053814198,18713.17648522387,237.5894599999998,18475.58702522387,0.0014423529411764706,253278
629,0,629,30,4,63852.23222964138,234.7308781249998,63617.501351516374,18715.66900612136,237.5894599999998,18478.079546121364,0.0014442352941176472,253278
630,0,630,30,4,63853.443043015766,234.7308781249998,63618.71216489076,18718.161527018852,237.5894599999998,18480.572067018853,0.0014461176470588234,253278
631,0,631,30,4,63854.653856390156,234.7308781249998,63619.92297826515,18720.654047916345,237.5894599999998,18483.06458791635,0.0014475294117647058,253278
632,0,632,30,4,63855.86466976455,234.7308781249998,63621.13379163955,18723.14656881384,237.5894599999998,18485.557108813842,0.0014489411764705884,253278
633,0,633,30,4,63857.07548313895,234.7308781249998,63622.34460501395,18725.63908971133,237.5894599999998,18488.049629711335,0.0014503529411764705,253278
634,0,634,30,4,63858.28629651334,234.7308781249998,63623.555418388336,18728.131610608823,237.5894599999998,18490.542150608824,0.0014522352941176468,253278
635,0,635,30,4,63859.49710988773,234.7308781249998,63624.766231762726,18730.624131506316,237.5894599999998,18493.03467150632,0.0014541176470588234,253278
636,0,636,30,4,63860.707923262125,234.7308781249998,63625.97704513712,18733.116652403813,237.5894599999998,18495.527192403813,0.001456,253278
637,0,637,30,4,63861.91873663652,234.7308781249998,63627.18785851152,18735.6091733013,237.5894599999998,18498.019713301306,0.0014574117647058824,253278
638,0,638,30,4,63863.12955001091,234.7308781249998,63628.39867188591,18738.101694198795,237.5894599999998,18500.512234198795,0.0014583529411764705,253278
639,0,639,30,4,63864.3403633853,234.7308781249998,63629.6094852603,18740.594215096287,237.5894599999998,18503.00475509629,0.001460235294117647,253278
640,0,640,30,4,63865.5511767597,234.7308781249998,63630.820298634695,18743.086735993784,237.5894599999998,18505.497275993785,0.0014621176470588234,253278
641,0,641,30,4,63866.761990134095,234.7308781249998,63632.03111200909,18745.579256891273,237.5894599999998,18507.989796891277,0.0014639999999999998,253278
642,0,642,30,4,63867.972803508485,234.7308781249998,63633.24192538348,18748.071777788766,237.5894599999998,18510.482317788767,0.0014654117647058822,253278
643,0,643,30,4,63869.183616882874,234.7308781249998,63634.45273875787,18750.56429868626,237.5894599999998,18512.974838686263,0.0014672941176470586,253278
644,0,644,30,4,63870.39443025727,234.7308781249998,63635.66355213227,18753.056819583755,237.5894599999998,18515.467359583756,0.001468235294117647,253278
645,0,645,30,4,63871.60524363167,234.7308781249998,63636.874365506665,18755.549340481244,237.5894599999998,18517.95988048125,0.0014696470588235293,253278
646,0,646,30,4,63872.81605700606,234.7308781249998,63638.085178881054,18758.041861378737,237.5894599999998,18520.452401378738,0.001471058823529412,253278
647,0,647,30,4,63874.02687038045,234.7308781249998,63639.295992255444,18760.53438227623,237.5894599999998,18522.944922276234,0.0014729411764705883,253278
648,0,648,30,4,63875.23768375484,234.7308781249998,63640.50680562984,18763.026903173726,237.5894599999998,18525.437443173727,0.0014738823529411762,253278
649,0,649,30,4,63876.44849712924,234.7308781249998,63641.71761900424,18765.519424071215,237.5894599999998,18527.92996407122,0.0014752941176470588,253278
650,0,650,30,4,63877.65931050363,234.7308781249998,63642.92843237863,18768.011944968708,237.5894599999998,18530.42248496871,0.0014762352941176471,253278
651,0,651,30,4,63878.87012387802,234.7308781249998,63644.13924575302,18770.5044658662,237.5894599999998,18532.915005866205,0.001477176470588235,253278
652,0,652,30,4,63880.080937252416,234.7308781249998,63645.35005912741,18772.996986763697,237.5894599999998,18535.407526763698,0.0014785882352941176,253278
653,0,653,30,4,63881.29175062681,234.7308781249998,63646.56087250181,18775.489507661187,237.5894599999998,18537.90004766119,0.00148,253278
654,0,654,30,4,63882.5025640012,234.7308781249998,63647.7716858762,18777.98202855868,237.5894599999998,18540.39256855868,0.0014814117647058821,253278
655,0,655,30,4,63883.71337737559,234.7308781249998,63648.98249925059,18780.474549456172,237.5894599999998,18542.885089456177,0.0014828235294117645,253278
656,0,656,30,4,63884.92419074999,234.7308781249998,63650.193312624986,18782.96707035367,237.5894599999998,18545.37761035367,0.0014847058823529412,253278
657,0,657,30,4,63886.135004124386,234.7308781249998,63651.40412599938,18785.459591251158,237.5894599999998,18547.870131251162,0.0014851764705882352,253278
658,0,658,30,4,63887.345817498775,234.7308781249998,63652.61493937377,18787.95211214865,237.5894599999998,18550.36265214865,0.0014870588235294116,253278
659,0,659,30,4,63888.556630873165,234.7308781249998,63653.82575274816,18790.444633046143,237.5894599999998,18552.855173046148,0.001488941176470588,253278
660,0,660,30,4,63889.76744424756,234.7308781249998,63655.03656612256,18792.93715394364,237.5894599999998,18555.34769394364,0.0014903529411764707,253278
661,0,661,30,4,63890.97825762196,234.7308781249998,63656.247379496956,18795.42967484113,237.5894599999998,18557.840214841133,0.0014912941176470588,253278
662,0,662,30,4,63892.18907099635,234.7308781249998,63657.458192871345,18797.92219573862,237.5894599999998,18560.332735738622,0.001492705882352941,253278
663,0,663,30,4,63893.39988437074,234.7308781249998,63658.669006245735,18800.414716636114,237.5894599999998,18562.82525663612,0.0014936470588235292,253278
664,0,664,30,4,63894.610697745135,234.7308781249998,63659.87981962013,18802.90723753361,237.5894599999998,18565.31777753361,0.0014945882352941176,253278
665,0,665,30,4,63895.82151111953,234.7308781249998,63661.09063299453,18805.3997584311,237.5894599999998,18567.810298431104,0.0014964705882352942,253278
666,0,666,30,4,63897.03232449392,234.7308781249998,63662.30144636892,18807.892279328593,237.5894599999998,18570.302819328594,0.0014978823529411761,253278
667,0,667,30,4,63898.24313786831,234.7308781249998,63663.51225974331,18810.384800226086,237.5894599999998,18572.79534022609,0.0014992941176470587,253278
668,0,668,30,4,63899.45395124271,234.7308781249998,63664.723073117704,18812.877321123582,237.5894599999998,18575.287861123583,0.0015011764705882354,253278
669,0,669,30,4,63900.664764617104,234.7308781249998,63665.9338864921,18815.36984202107,237.5894599999998,18577.780382021076,0.0015030588235294116,253278
670,0,670,30,4,63901.87557799149,234.7308781249998,63667.14469986649,18817.862362918564,237.5894599999998,18580.272902918565,0.001504,253278
671,0,671,30,4,63903.08639136588,234.7308781249998,63668.35551324088,18820.354883816057,237.5894599999998,18582.76542381606,0.0015049411764705882,253278
672,0,672,30,4,63904.29720474028,234.7308781249998,63669.56632661528,18822.847404713553,237.5894599999998,18585.257944713554,0.0015068235294117647,253278
673,0,673,30,4,63905.50801811468,234.7308781249998,63670.777139989674,18825.339925611042,237.5894599999998,18587.750465611047,0.0015082352941176468,253278
674,0,674,30,4,63906.718831489066,234.7308781249998,63671.98795336406,18827.832446508535,237.5894599999998,18590.242986508536,0.0015101176470588232,253278
675,0,675,30,4,63907.929644863456,234.7308781249998,63673.19876673845,18830.324967406028,237.5894599999998,18592.735507406032,0.001512,253278
676,0,676,30,4,63909.14045823785,234.7308781249998,63674.40958011285,18832.817488303524,237.5894599999998,18595.228028303525,0.001513411764705882,253278
677,0,677,30,4,63910.35127161225,234.7308781249998,63675.62039348725,18835.310009201014,237.5894599999998,18597.720549201018,0.0015152941176470587,253278
678,0,678,30,4,63911.56208498664,234.7308781249998,63676.831206861636,18837.802530098506,237.5894599999998,18600.213070098507,0.0015162352941176468,253278
679,0,679,30,4,63912.77289836103,234.7308781249998,63678.042020236026,18840.295050996,237.5894599999998,18602.705590996004,0.0015171764705882353,253278
680,0,680,30,4,63913.983711735425,234.7308781249998,63679.25283361042,18842.787571893496,237.5894599999998,18605.198111893496,0.0015185882352941175,253278
681,0,681,30,4,63915.19452510982,234.7308781249998,63680.46364698482,18845.280092790985,237.5894599999998,18607.69063279099,0.0015195294117647058,253278
682,0,682,30,4,63916.40533848421,234.7308781249998,63681.67446035921,18847.772613688478,237.5894599999998,18610.18315368848,0.0015204705882352941,253278
683,0,683,30,4,63917.6161518586,234.7308781249998,63682.8852737336,18850.26513458597,237.5894599999998,18612.675674585975,0.0015223529411764706,253278
684,0,684,30,4,63918.826965233,234.7308781249998,63684.096087107995,18852.757655483467,237.5894599999998,18615.168195483468,0.001524235294117647,253278
685,0,685,30,4,63920.037778607395,234.7308781249998,63685.30690048239,18855.250176380956,237.5894599999998,18617.66071638096,0.0015256470588235294,253278
686,0,686,30,4,63921.248591981785,234.7308781249998,63686.51771385678,18857.74269727845,237.5894599999998,18620.15323727845,0.0015265882352941177,253278
687,0,687,30,4,63922.459405356174,234.7308781249998,63687.72852723117,18860.23521817594,237.5894599999998,18622.645758175946,0.0015275294117647058,253278
688,0,688,30,4,63923.67021873057,234.7308781249998,63688.93934060557,18862.727739073438,237.5894599999998,18625.13827907344,0.0015279999999999998,253278
689,0,689,30,4,63924.88103210497,234.7308781249998,63690.150153979965,18865.220259970927,237.5894599999998,18627.63079997093,0.0015294117647058822,253278
690,0,690,30,4,63926.09184547936,234.7308781249998,63691.360967354354,18867.71278086842,237.5894599999998,18630.12332086842,0.0015303529411764705,253278
691,0,691,30,4,63927.30265885375,234.7308781249998,63692.571780728744,18870.205301765913,237.5894599999998,18632.615841765917,0.0015308235294117646,253278
692,0,692,30,4,63928.513472228144,234.7308781249998,63693.78259410314,18872.69782266341,237.5894599999998,18635.10836266341,0.0015327058823529412,253278
693,0,693,30,4,63929.72428560254,234.7308781249998,63694.99340747754,18875.1903435609,237.5894599999998,18637.600883560903,0.0015341176470588234,253278
694,0,694,30,4,63930.93509897693,234.7308781249998,63696.20422085193,18877.68286445839,237.5894599999998,18640.093404458392,0.0015345882352941177,253278
695,0,695,30,4,63932.14591235132,234.7308781249998,63697.41503422632,18880.175385355884,237.5894599999998,18642.58592535589,0.0015359999999999998,253278
696,0,696,30,4,63933.35672572572,234.7308781249998,63698.62584760071,18882.66790625338,237.5894599999998,18645.07844625338,0.0015369411764705881,253278
697,0,697,30,4,63934.56753910011,234.7308781249998,63699.83666097511,18885.16042715087,237.5894599999998,18647.570967150874,0.0015388235294117648,253278
698,0,698,30,4,63935.7783524745,234.7308781249998,63701.0474743495,18887.652948048362,237.5894599999998,18650.063488048363,0.001539764705882353,253278
699,0,699,30,4,63936.98916584889,234.7308781249998,63702.25828772389,18890.145468945855,237.5894599999998,18652.55600894586,0.001540235294117647,253278
700,0,700,30,4,63938.19997922329,234.7308781249998,63703.469101098286,18892.63798984335,237.5894599999998,18655.048529843352,0.001541647058823529,253278
701,0,701,30,4,63939.410792597686,234.7308781249998,63704.67991447268,18895.13051074084,237.5894599999998,18657.541050740845,0.0015430588235294117,253278
702,0,702,30,4,63940.621605972075,234.7308781249998,63705.89072784707,18897.623031638333,237.5894599999998,18660.033571638334,0.001544,253278
703,0,703,30,4,63941.832419346465,234.7308781249998,63707.10154122146,18900.115552535826,237.5894599999998,18662.52609253583,0.0015458823529411764,253278
704,0,704,30,4,63943.04323272086,234.7308781249998,63708.31235459586,18902.608073433323,237.5894599999998,18665.018613433323,0.0015472941176470588,253278
705,0,705,30,4,63944.25404609526,234.7308781249998,63709.523167970256,18905.100594330812,237.5894599999998,18667.511134330816,0.0015491764705882352,253278
706,0,706,30,4,63945.46485946965,234.7308781249998,63710.733981344645,18907.593115228305,237.5894599999998,18670.003655228305,0.0015501176470588234,253278
707,0,707,30,4,63946.67567284404,234.7308781249998,63711.944794719035,18910.085636125797,237.5894599999998,18672.496176125802,0.001551529411764706,253278
708,0,708,30,4,63947.886486218435,234.7308781249998,63713.15560809343,18912.578157023294,237.5894599999998,18674.988697023295,0.0015529411764705883,253278
709,0,709,30,4,63949.09729959283,234.7308781249998,63714.36642146783,18915.070677920783,237.5894599999998,18677.481217920787,0.0015543529411764703,253278
710,0,710,30,4,63950.30811296722,234.7308781249998,63715.57723484222,18917.563198818276,237.5894599999998,18679.973738818277,0.0015562352941176471,253278
711,0,711,30,4,63951.51892634161,234.7308781249998,63716.78804821661,18920.05571971577,237.5894599999998,18682.466259715773,0.0015576470588235293,253278
712,0,712,30,4,63952.72973971601,234.7308781249998,63717.998861591004,18922.548240613265,237.5894599999998,18684.958780613266,0.0015585882352941176,253278
713,0,713,30,4,63953.940553090404,234.7308781249998,63719.2096749654,18925.040761510754,237.5894599999998,18687.45130151076,0.0015590588235294116,253278
714,0,714,30,4,63955.151366464794,234.7308781249998,63720.42048833979,18927.533282408247,237.5894599999998,18689.943822408248,0.0015604705882352938,253278
715,0,715,30,4,63956.36217983918,234.7308781249998,63721.63130171418,18930.02580330574,237.5894599999998,18692.436343305744,0.0015623529411764707,253278
716,0,716,30,4,63957.57299321358,234.7308781249998,63722.84211508858,18932.518324203236,237.5894599999998,18694.928864203237,0.0015642352941176469,253278
717,0,717,30,4,63958.78380658798,234.7308781249998,63724.052928462974,18935.010845100725,237.5894599999998,18697.42138510073,0.0015647058823529411,253278
718,0,718,30,4,63959.99461996237,234.7308781249998,63725.26374183736,18937.50336599822,237.5894599999998,18699.91390599822,0.0015661176470588235,253278
719,0,719,30,4,63961.205433336756,234.7308781249998,63726.47455521175,18939.99588689571,237.5894599999998,18702.406426895715,0.0015675294117647057,253278
720,0,720,30,4,63962.41624671115,234.7308781249998,63727.68536858615,18942.488407793207,237.5894599999998,18704.89894779321,0.0015694117647058823,253278
721,0,721,30,4,63963.62706008555,234.7308781249998,63728.89618196055,18944.980928690697,237.5894599999998,18707.3914686907,0.0015708235294117647,253278
722,0,722,30,4,63964.83787345994,234.7308781249998,63730.106995334936,18947.47344958819,237.5894599999998,18709.88398958819,0.001571764705882353,253278
723,0,723,30,4,63966.04868683433,234.7308781249998,63731.317808709326,18949.965970485682,237.5894599999998,18712.376510485687,0.0015727058823529411,253278
724,0,724,30,4,63967.259500208726,234.7308781249998,63732.52862208372,18952.45849138318,237.5894599999998,18714.86903138318,0.0015745882352941176,253278
725,0,725,30,4,63968.47031358312,234.7308781249998,63733.73943545812,18954.951012280668,237.5894599999998,18717.361552280672,0.0015760000000000001,253278
726,0,726,30,4,63969.68112695751,234.7308781249998,63734.95024883251,18957.44353317816,237.5894599999998,18719.85407317816,0.0015769411764705882,253278
727,0,727,30,4,63970.8919403319,234.7308781249998,63736.1610622069,18959.936054075653,237.5894599999998,18722.346594075658,0.0015778823529411766,253278
728,0,728,30,4,63972.1027537063,234.7308781249998,63737.371875581295,18962.42857497315,237.5894599999998,18724.83911497315,0.0015797647058823528,253278
729,0,729,30,4,63973.313567080695,234.7308781249998,63738.58268895569,18964.92109587064,237.5894599999998,18727.331635870643,0.0015811764705882354,253278
730,0,730,30,4,63974.524380455085,234.7308781249998,63739.79350233008,18967.41361676813,237.5894599999998,18729.824156768133,0.0015825882352941177,253278
731,0,731,30,4,63975.735193829474,234.7308781249998,63741.00431570447,18969.906137665625,237.5894599999998,18732.31667766563,0.001584,253278
732,0,732,30,4,63976.94600720387,234.7308781249998,63742.21512907887,18972.39865856312,237.5894599999998,18734.80919856312,0.001584470588235294,253278
733,0,733,30,4,63978.15682057827,234.7308781249998,63743.425942453265,18974.89117946061,237.5894599999998,18737.301719460615,0.0015863529411764706,253278
734,0,734,30,4,63979.36763395266,234.7308781249998,63744.636755827654,18977.383700358103,237.5894599999998,18739.794240358104,0.001587764705882353,253278
735,0,735,30,4,63980.57844732705,234.7308781249998,63745.847569202044,18979.876221255596,237.5894599999998,18742.2867612556,0.0015891764705882351,253278
736,0,736,30,4,63981.789260701444,234.7308781249998,63747.05838257644,18982.368742153092,237.5894599999998,18744.779282153093,0.0015905882352941177,253278
737,0,737,30,4,63983.00007407584,234.7308781249998,63748.26919595084,18984.86126305058,237.5894599999998,18747.271803050586,0.0015915294117647056,253278
738,0,738,30,4,63984.21088745023,234.7308781249998,63749.48000932523,18987.353783948074,237.5894599999998,18749.764323948075,0.0015934117647058823,253278
739,0,739,30,4,63985.42170082462,234.7308781249998,63750.69082269962,18989.846304845567,237.5894599999998,18752.25684484557,0.001595294117647059,253278
740,0,740,30,4,63986.63251419902,234.7308781249998,63751.90163607401,18992.338825743063,237.5894599999998,18754.749365743064,0.001596705882352941,253278
741,0,741,30,4,63987.84332757341,234.7308781249998,63753.11244944841,18994.831346640553,237.5894599999998,18757.241886640557,0.0015981176470588236,253278
742,0,742,30,4,63989.0541409478,234.7308781249998,63754.3232628228,18997.323867538045,237.5894599999998,18759.734407538046,0.0015990588235294118,253278
743,0,743,30,4,63990.26495432219,234.7308781249998,63755.53407619719,18999.816388435538,237.5894599999998,18762.226928435543,0.0015999999999999999,253278
744,0,744,30,4,63991.47576769659,234.7308781249998,63756.744889571586,19002.308909333035,237.5894599999998,18764.719449333035,0.0016014117647058825,253278
745,0,745,30,4,63992.686581070986,234.7308781249998,63757.95570294598,19004.801430230524,237.5894599999998,18767.211970230528,0.0016032941176470587,253278
746,0,746,30,4,63993.897394445376,234.7308781249998,63759.16651632037,19007.293951128016,237.5894599999998,18769.704491128017,0.0016042352941176468,253278
747,0,747,30,4,63995.108207819765,234.7308781249998,63760.37732969476,19009.78647202551,237.5894599999998,18772.197012025514,0.0016056470588235294,253278
748,0,748,30,4,63996.31902119416,234.7308781249998,63761.58814306916,19012.278992923006,237.5894599999998,18774.689532923006,0.0016070588235294115,253278
749,0,749,30,4,63997.52983456856,234.7308781249998,63762.798956443556,19014.771513820495,237.5894599999998,18777.1820538205,0.0016084705882352939,253278
750,0,750,30,4,63998.74064794295,234.7308781249998,63764.009769817945,19017.264034717988,237.5894599999998,18779.67457471799,0.0016098823529411765,253278
751,0,751,30,4,63999.95146131734,234.7308781249998,63765.220583192335,19019.75655561548,237.5894599999998,18782.167095615485,0.001611764705882353,253278
752,0,752,30,4,64001.162274691735,234.7308781249998,63766.43139656673,19022.249076512977,237.5894599999998,18784.659616512978,0.0016136470588235293,253278
753,0,753,30,4,64002.37308806613,234.7308781249998,63767.64220994113,19024.741597410466,237.5894599999998,18787.15213741047,0.0016150588235294117,253278
754,0,754,30,4,64003.58390144052,234.7308781249998,63768.85302331552,19027.23411830796,237.5894599999998,18789.64465830796,0.0016164705882352939,253278
755,0,755,30,4,64004.79471481491,234.7308781249998,63770.06383668991,19029.72663920545,237.5894599999998,18792.137179205456,0.0016178823529411765,253278
756,0,756,30,4,64006.00552818931,234.7308781249998,63771.274650064304,19032.219160102948,237.5894599999998,18794.62970010295,0.0016188235294117646,253278
757,0,757,30,4,64007.216341563704,234.7308781249998,63772.4854634387,19034.711681000437,237.5894599999998,18797.12222100044,0.0016207058823529408,253278
758,0,758,30,4,64008.427154938094,234.7308781249998,63773.69627681309,19037.20420189793,237.5894599999998,18799.61474189793,0.0016225882352941174,253278
759,0,759,30,4,64009.63796831248,234.7308781249998,63774.90709018748,19039.696722795423,237.5894599999998,18802.107262795427,0.001624,253278
760,0,760,30,4,64010.84878168688,234.7308781249998,63776.11790356188,19042.18924369292,237.5894599999998,18804.59978369292,0.0016254117647058824,253278
761,0,761,30,4,64012.05959506128,234.7308781249998,63777.328716936274,19044.68176459041,237.5894599999998,18807.092304590413,0.0016272941176470588,253278
762,0,762,30,4,64013.27040843567,234.7308781249998,63778.53953031066,19047.1742854879,237.5894599999998,18809.584825487902,0.0016291764705882352,253278
763,0,763,30,4,64014.481221810056,234.7308781249998,63779.75034368505,19049.666806385394,237.5894599999998,18812.0773463854,0.0016305882352941176,253278
764,0,764,30,4,64015.69203518445,234.7308781249998,63780.96115705945,19052.15932728289,237.5894599999998,18814.56986728289,0.0016319999999999998,253278
765,0,765,30,4,64016.90284855885,234.7308781249998,63782.17197043385,19054.65184818038,237.5894599999998,18817.062388180384,0.001633411764705882,253278
766,0,766,30,4,64018.11366193324,234.7308781249998,63783.382783808236,19057.144369077872,237.5894599999998,18819.554909077873,0.0016348235294117645,253278
767,0,767,30,4,64019.32447530763,234.7308781249998,63784.593597182626,19059.636889975365,237.5894599999998,18822.04742997537,0.0016367058823529412,253278
768,0,768,30,4,64020.535288682026,234.7308781249998,63785.80441055702,19062.12941087286,237.5894599999998,18824.539950872862,0.0016385882352941176,253278
769,0,769,30,4,64021.74610205642,234.7308781249998,63787.01522393142,19064.62193177035,237.5894599999998,18827.032471770355,0.0016395294117647057,253278
770,0,770,30,4,64022.956915430805,234.7308781249998,63788.22603730581,19067.114452667844,237.5894599999998,18829.524992667844,0.0016414117647058826,253278
771,0,771,30,4,64024.1677288052,234.7308781249998,63789.4368506802,19069.606973565336,237.5894599999998,18832.01751356534,0.0016432941176470585,253278
772,0,772,30,4,64025.37854217959,234.7308781249998,63790.647664054595,19072.099494462833,237.5894599999998,18834.510034462834,0.001644705882352941,253278
773,0,773,30,4,64026.58935555398,234.7308781249998,63791.85847742899,19074.592015360322,237.5894599999998,18837.002555360326,0.0016461176470588235,253278
774,0,774,30,4,64027.80016892838,234.7308781249998,63793.06929080338,19077.084536257815,237.5894599999998,18839.495076257816,0.0016470588235294118,253278
775,0,775,30,4,64029.010982302774,234.7308781249998,63794.28010417777,19079.577057155308,237.5894599999998,18841.987597155312,0.001648,253278
776,0,776,30,4,64030.221795677164,234.7308781249998,63795.49091755217,19082.069578052804,237.5894599999998,18844.480118052805,0.0016498823529411766,253278
777,0,777,30,4,64031.43260905155,234.7308781249998,63796.701730926565,19084.562098950293,237.5894599999998,18846.972638950298,0.0016503529411764706,253278
778,0,778,30,4,64032.64342242595,234.7308781249998,63797.912544300954,19087.054619847786,237.5894599999998,18849.465159847787,0.0016512941176470585,253278
779,0,779,30,4,64033.85423580035,234.7308781249998,63799.123357675344,19089.54714074528,237.5894599999998,18851.957680745283,0.001652705882352941,253278
780,0,780,30,4,64035.06504917474,234.7308781249998,63800.33417104974,19092.039661642775,237.5894599999998,18854.450201642776,0.0016536470588235292,253278
781,0,781,30,4,64036.275862549126,234.7308781249998,63801.54498442414,19094.532182540264,237.5894599999998,18856.94272254027,0.0016550588235294116,253278
782,0,782,30,4,64037.48667592352,234.7308781249998,63802.75579779853,19097.024703437757,237.5894599999998,18859.435243437758,0.001656470588235294,253278
783,0,783,30,4,64038.69748929792,234.7308781249998,63803.96661117292,19099.51722433525,237.5894599999998,18861.927764335254,0.0016574117647058823,253278
784,0,784,30,4,64039.90830267231,234.7308781249998,63805.17742454731,19102.009745232746,237.5894599999998,18864.420285232747,0.0016592941176470587,253278
785,0,785,30,4,64041.1191160467,234.7308781249998,63806.38823792171,19104.502266130236,237.5894599999998,18866.91280613024,0.001660705882352941,253278
786,0,786,30,4,64042.329929421096,234.7308781249998,63807.5990512961,19106.99478702773,237.5894599999998,18869.40532702773,0.0016616470588235294,253278
787,0,787,30,4,64043.54074279549,234.7308781249998,63808.80986467049,19109.48730792522,237.5894599999998,18871.897847925226,0.0016630588235294116,253278
788,0,788,30,4,64044.75155616988,234.7308781249998,63810.020678044886,19111.979828822718,237.5894599999998,18874.39036882272,0.0016640000000000001,253278
789,0,789,30,4,64045.96236954427,234.7308781249998,63811.23149141928,19114.472349720207,237.5894599999998,18876.88288972021,0.001664941176470588,253278
790,0,790,30,4,64047.17318291867,234.7308781249998,63812.44230479367,19116.9648706177,237.5894599999998,18879.3754106177,0.0016658823529411763,253278
791,0,791,30,4,64048.383996293065,234.7308781249998,63813.65311816806,19119.457391515192,237.5894599999998,18881.867931515197,0.0016668235294117646,253278
792,0,792,30,4,64049.594809667455,234.7308781249998,63814.86393154246,19121.94991241269,237.5894599999998,18884.36045241269,0.001667764705882353,253278
793,0,793,30,4,64050.805623041844,234.7308781249998,63816.074744916856,19124.442433310178,237.5894599999998,18886.852973310182,0.0016682352941176468,253278
794,0,794,30,4,64052.01643641624,234.7308781249998,63817.285558291245,19126.93495420767,237.5894599999998,18889.34549420767,0.0016691764705882351,253278
795,0,795,30,4,64053.22724979064,234.7308781249998,63818.496371665635,19129.427475105163,237.5894599999998,18891.838015105168,0.0016701176470588237,253278
796,0,796,30,4,64054.43806316503,234.7308781249998,63819.70718504003,19131.91999600266,237.5894599999998,18894.33053600266,0.0016719999999999999,253278
797,0,797,30,4,64055.64887653942,234.7308781249998,63820.91799841443,19134.41251690015,237.5894599999998,18896.823056900153,0.0016724705882352941,253278
798,0,798,30,4,64056.859689913814,234.7308781249998,63822.12881178882,19136.905037797642,237.5894599999998,18899.315577797643,0.001673882352941176,253278
799,0,799,30,4,64058.07050328821,234.7308781249998,63823.33962516321,19139.397558695135,237.5894599999998,18901.80809869514,0.0016752941176470587,253278
800,0,800,30,4,64059.2813166626,234.7308781249998,63824.550438537604,19141.89007959263,237.5894599999998,18904.300619592632,0.0016771764705882353,253278
801,0,801,30,4,64060.49213003699,234.7308781249998,63825.761251912,19144.38260049012,237.5894599999998,18906.793140490125,0.0016781176470588234,253278
802,0,802,30,4,64061.70294341139,234.7308781249998,63826.97206528639,19146.875121387613,237.5894599999998,18909.285661387614,0.0016790588235294117,253278
803,0,803,30,4,64062.91375678578,234.7308781249998,63828.18287866078,19149.367642285106,237.5894599999998,18911.77818228511,0.001680941176470588,253278
804,0,804,30,4,64064.12457016017,234.7308781249998,63829.39369203518,19151.860163182602,237.5894599999998,18914.270703182603,0.0016828235294117646,253278
805,0,805,30,4,64065.33538353456,234.7308781249998,63830.604505409574,19154.35268408009,237.5894599999998,18916.763224080096,0.001684705882352941,253278
806,0,806,30,4,64066.54619690896,234.7308781249998,63831.81531878396,19156.845204977584,237.5894599999998,18919.255744977585,0.0016865882352941175,253278
807,0,807,30,4,64067.757010283356,234.7308781249998,63833.02613215835,19159.337725875077,237.5894599999998,18921.74826587508,0.0016884705882352939,253278
808,0,808,30,4,64068.967823657746,234.7308781249998,63834.23694553275,19161.830246772573,237.5894599999998,18924.240786772574,0.0016889411764705882,253278
809,0,809,30,4,64070.178637032135,234.7308781249998,63835.44775890715,19164.322767670063,237.5894599999998,18926.733307670067,0.0016908235294117646,253278
810,0,810,30,4,64071.38945040653,234.7308781249998,63836.658572281536,19166.815288567555,237.5894599999998,18929.225828567556,0.001692705882352941,253278
811,0,811,30,4,64072.60026378093,234.7308781249998,63837.869385655926,19169.30780946505,237.5894599999998,18931.718349465053,0.0016945882352941174,253278
812,0,812,30,4,64073.81107715532,234.7308781249998,63839.08019903032,19171.800330362545,237.5894599999998,18934.210870362545,0.0016959999999999998,253278
813,0,813,30,4,64075.02189052971,234.7308781249998,63840.29101240472,19174.292851260034,237.5894599999998,18936.70339126004,0.0016978823529411762,253278
814,0,814,30,4,64076.232703904105,234.7308781249998,63841.50182577911,19176.785372157527,237.5894599999998,18939.195912157527,0.0016992941176470586,253278
815,0,815,30,4,64077.4435172785,234.7308781249998,63842.7126391535,19179.27789305502,237.5894599999998,18941.688433055024,0.0017011764705882355,253278
816,0,816,30,4,64078.65433065289,234.7308781249998,63843.923452527895,19181.770413952516,237.5894599999998,18944.180953952517,0.0017025882352941174,253278
817,0,817,30,4,64079.86514402728,234.7308781249998,63845.13426590229,19184.262934850005,237.5894599999998,18946.67347485001,0.0017044705882352938,253278
818,0,818,30,4,64081.07595740168,234.7308781249998,63846.34507927668,19186.755455747498,237.5894599999998,18949.1659957475,0.0017063529411764705,253278
819,0,819,30,4,64082.286770776074,234.7308781249998,63847.55589265107,19189.24797664499,237.5894599999998,18951.658516644995,0.0017082352941176471,253278
820,0,820,30,4,64083.497584150464,234.7308781249998,63848.76670602547,19191.740497542487,237.5894599999998,18954.151037542488,0.0017101176470588231,253278
821,0,821,30,4,64084.70839752485,234.7308781249998,63849.977519399865,19194.233018439976,237.5894599999998,18956.64355843998,0.001712,253278
822,0,822,30,4,64085.91921089925,234.7308781249998,63851.188332774254,19196.72553933747,237.5894599999998,18959.13607933747,0.0017138823529411766,253278
823,0,823,30,4,64087.13002427365,234.7308781249998,63852.399146148644,19199.21806023496,237.5894599999998,18961.628600234966,0.0017152941176470588,253278
824,0,824,30,4,64088.34083764804,234.7308781249998,63853.60995952304,19201.710581132458,237.5894599999998,18964.12112113246,0.001717176470588235,253278
825,0,825,30,4,64089.551651022426,234.7308781249998,63854.82077289744,19204.203102029947,237.5894599999998,18966.61364202995,0.0017190588235294119,253278
826,0,826,30,4,64090.76246439682,234.7308781249998,63856.03158627183,19206.69562292744,237.5894599999998,18969.10616292744,0.0017204705882352938,253278
827,0,827,30,4,64091.97327777122,234.7308781249998,63857.24239964622,19209.188143824933,237.5894599999998,18971.598683824937,0.0017218823529411762,253278
828,0,828,30,4,64093.18409114561,234.7308781249998,63858.45321302061,19211.68066472243,237.5894599999998,18974.09120472243,0.001723764705882353,253278
829,0,829,30,4,64094.39490452,234.7308781249998,63859.66402639501,19214.17318561992,237.5894599999998,18976.583725619923,0.0017251764705882352,253278
830,0,830,30,4,64095.605717894396,234.7308781249998,63860.8748397694,19216.66570651741,237.5894599999998,18979.076246517412,0.0017270588235294116,253278
831,0,831,30,4,64096.81653126879,234.7308781249998,63862.08565314379,19219.158227414904,237.5894599999998,18981.56876741491,0.001728941176470588,253278
832,0,832,30,4,64098.02734464318,234.7308781249998,63863.296466518186,19221.6507483124,237.5894599999998,18984.0612883124,0.0017308235294117645,253278
833,0,833,30,4,64099.23815801757,234.7308781249998,63864.50727989258,19224.14326920989,237.5894599999998,18986.553809209894,0.001732705882352941,253278
834,0,834,30,4,64100.44897139197,234.7308781249998,63865.71809326697,19226.635790107382,237.5894599999998,18989.046330107383,0.0017341176470588235,253278
835,0,835,30,4,64101.659784766365,234.7308781249998,63866.92890664136,19229.128311004875,237.5894599999998,18991.53885100488,0.0017359999999999997,253278
836,0,836,30,4,64102.870598140755,234.7308781249998,63868.13972001576,19231.62083190237,237.5894599999998,18994.031371902372,0.0017378823529411763,253278
837,0,837,30,4,64104.081411515144,234.7308781249998,63869.350533390156,19234.11335279986,237.5894599999998,18996.523892799865,0.0017392941176470587,253278
838,0,838,30,4,64105.29222488954,234.7308781249998,63870.561346764545,19236.605873697354,237.5894599999998,18999.016413697354,0.001740705882352941,253278
839,0,839,30,4,64106.50303826394,234.7308781249998,63871.772160138935,19239.098394594846,237.5894599999998,19001.50893459485,0.0017425882352941177,253278
840,0,840,30,4,64107.71385163833,234.7308781249998,63872.98297351333,19241.590915492343,237.5894599999998,19004.001455492344,0.0017444705882352937,253278
841,0,841,30,4,64108.92466501272,234.7308781249998,63874.19378688773,19244.083436389832,237.5894599999998,19006.493976389836,0.0017458823529411763,253278
842,0,842,30,4,64110.135478387114,234.7308781249998,63875.40460026212,19246.575957287325,237.5894599999998,19008.986497287326,0.001747764705882353,253278
843,0,843,30,4,64111.34629176151,234.7308781249998,63876.61541363651,19249.068478184818,237.5894599999998,19011.479018184822,0.0017487058823529413,253278
844,0,844,30,4,64112.5571051359,234.7308781249998,63877.826227010904,19251.560999082314,237.5894599999998,19013.971539082315,0.0017505882352941177,253278
845,0,845,30,4,64113.76791851029,234.7308781249998,63879.0370403853,19254.053519979803,237.5894599999998,19016.464059979808,0.0017519999999999999,253278
846,0,846,30,4,64114.97873188469,234.7308781249998,63880.24785375969,19256.546040877296,237.5894599999998,19018.956580877297,0.0017538823529411763,253278
847,0,847,30,4,64116.18954525908,234.7308781249998,63881.45866713408,19259.03856177479,237.5894599999998,19021.449101774793,0.0017543529411764703,253278
848,0,848,30,4,64117.40035863347,234.7308781249998,63882.66948050848,19261.531082672285,237.5894599999998,19023.941622672286,0.001755764705882353,253278
849,0,849,30,4,64118.61117200786,234.7308781249998,63883.880293882874,19264.023603569774,237.5894599999998,19026.43414356978,0.001757176470588235,253278
850,0,850,30,4,64119.82198538226,234.7308781249998,63885.09110725726,19266.516124467267,237.5894599999998,19028.926664467268,0.0017590588235294117,253278
851,0,851,30,4,64121.032798756656,234.7308781249998,63886.30192063165,19269.00864536476,237.5894599999998,19031.419185364764,0.001760470588235294,253278
852,0,852,30,4,64122.243612131046,234.7308781249998,63887.51273400605,19271.501166262256,237.5894599999998,19033.911706262257,0.0017623529411764703,253278
853,0,853,30,4,64123.454425505435,234.7308781249998,63888.72354738045,19273.993687159746,237.5894599999998,19036.40422715975,0.0017642352941176472,253278
854,0,854,30,4,64124.66523887983,234.7308781249998,63889.934360754836,19276.48620805724,237.5894599999998,19038.89674805724,0.0017656470588235291,253278
855,0,855,30,4,64125.87605225423,234.7308781249998,63891.145174129226,19278.97872895473,237.5894599999998,19041.389268954736,0.0017670588235294115,253278
856,0,856,30,4,64127.08686562862,234.7308781249998,63892.35598750362,19281.471249852228,237.5894599999998,19043.88178985223,0.001768470588235294,253278
857,0,857,30,4,64128.29767900301,234.7308781249998,63893.56680087802,19283.963770749717,237.5894599999998,19046.37431074972,0.0017694117647058822,253278
858,0,858,30,4,64129.508492377405,234.7308781249998,63894.77761425241,19286.45629164721,237.5894599999998,19048.86683164721,0.0017708235294117646,253278
859,0,859,30,4,64130.7193057518,234.7308781249998,63895.9884276268,19288.948812544702,237.5894599999998,19051.359352544707,0.0017722352941176472,253278
860,0,860,30,4,64131.93011912619,234.7308781249998,63897.199241001195,19291.4413334422,237.5894599999998,19053.8518734422,0.0017741176470588234,253278
861,0,861,30,4,64133.14093250058,234.7308781249998,63898.41005437559,19293.933854339688,237.5894599999998,19056.344394339692,0.001776,253278
862,0,862,30,4,64134.35174587498,234.7308781249998,63899.62086774998,19296.42637523718,237.5894599999998,19058.83691523718,0.0017778823529411764,253278
863,0,863,30,4,64135.562559249374,234.7308781249998,63900.83168112437,19298.918896134674,237.5894599999998,19061.329436134678,0.0017792941176470586,253278
864,0,864,30,4,64136.773372623764,234.7308781249998,63902.04249449877,19301.41141703217,237.5894599999998,19063.82195703217,0.001780235294117647,253278
865,0,865,30,4,64137.98418599815,234.7308781249998,63903.253307873165,19303.90393792966,237.5894599999998,19066.314477929664,0.0017821176470588234,253278
866,0,866,30,4,64139.19499937255,234.7308781249998,63904.464121247554,19306.396458827152,237.5894599999998,19068.806998827153,0.0017839999999999998,253278
867,0,867,30,4,64140.40581274695,234.7308781249998,63905.674934621944,19308.888979724645,237.5894599999998,19071.29951972465,0.0017854117647058822,253278
868,0,868,30,4,64141.61662612134,234.7308781249998,63906.88574799634,19311.38150062214,237.5894599999998,19073.792040622142,0.0017872941176470588,253278
869,0,869,30,4,64142.827439495726,234.7308781249998,63908.09656137074,19313.87402151963,237.5894599999998,19076.284561519635,0.001789176470588235,253278
870,0,870,30,4,64144.03825287012,234.7308781249998,63909.30737474513,19316.366542417123,237.5894599999998,19078.777082417124,0.0017910588235294117,253278
871,0,871,30,4,64145.24906624452,234.7308781249998,63910.51818811952,19318.859063314616,237.5894599999998,19081.26960331462,0.0017929411764705883,253278
872,0,872,30,4,64146.45987961891,234.7308781249998,63911.72900149391,19321.351584212112,237.5894599999998,19083.762124212113,0.0017948235294117645,253278
873,0,873,30,4,64147.6706929933,234.7308781249998,63912.93981486831,19323.8441051096,237.5894599999998,19086.254645109606,0.0017957647058823526,253278
874,0,874,30,4,64148.881506367696,234.7308781249998,63914.1506282427,19326.336626007094,237.5894599999998,19088.747166007095,0.0017976470588235293,253278
875,0,875,30,4,64150.09231974209,234.7308781249998,63915.36144161709,19328.829146904587,237.5894599999998,19091.23968690459,0.0017985882352941176,253278
876,0,876,30,4,64151.30313311648,234.7308781249998,63916.572254991486,19331.321667802084,237.5894599999998,19093.732207802084,0.001800470588235294,253278
877,0,877,30,4,64152.51394649087,234.7308781249998,63917.78306836588,19333.814188699573,237.5894599999998,19096.224728699577,0.0018023529411764706,253278
878,0,878,30,4,64153.72475986527,234.7308781249998,63918.99388174027,19336.306709597065,237.5894599999998,19098.717249597066,0.001803294117647059,253278
879,0,879,30,4,64154.935573239665,234.7308781249998,63920.20469511466,19338.79923049456,237.5894599999998,19101.209770494563,0.0018051764705882352,253278
880,0,880,30,4,64156.146386614055,234.7308781249998,63921.41550848906,19341.291751392055,237.5894599999998,19103.702291392055,0.0018065882352941173,253278
881,0,881,30,4,64157.357199988444,234.7308781249998,63922.626321863456,19343.784272289544,237.5894599999998,19106.19481228955,0.001808,253278
882,0,882,30,4,64158.56801336284,234.7308781249998,63923.837135237845,19346.276793187037,237.5894599999998,19108.687333187037,0.0018098823529411764,253278
883,0,883,30,4,64159.77882673724,234.7308781249998,63925.047948612235,19348.76931408453,237.5894599999998,19111.179854084534,0.0018117647058823526,253278
884,0,884,30,4,64160.98964011163,234.7308781249998,63926.25876198663,19351.261834982026,237.5894599999998,19113.672374982027,0.0018127058823529409,253278
885,0,885,30,4,64162.20045348602,234.7308781249998,63927.46957536103,19353.754355879515,237.5894599999998,19116.16489587952,0.0018145882352941177,253278
886,0,886,30,4,64163.411266860414,234.7308781249998,63928.68038873542,19356.246876777008,237.5894599999998,19118.65741677701,0.001816470588235294,253278
887,0,887,30,4,64164.62208023481,234.7308781249998,63929.89120210981,19358.7393976745,237.5894599999998,19121.149937674505,0.0018174117647058823,253278
888,0,888,30,4,64165.8328936092,234.7308781249998,63931.102015484204,19361.231918571997,237.5894599999998,19123.642458571998,0.001819294117647059,253278
889,0,889,30,4,64167.04370698359,234.7308781249998,63932.3128288586,19363.724439469486,237.5894599999998,19126.13497946949,0.0018207058823529413,253278
890,0,890,30,4,64168.25452035799,234.7308781249998,63933.52364223299,19366.21696036698,237.5894599999998,19128.62750036698,0.0018225882352941175,253278
891,0,891,30,4,64169.46533373238,234.7308781249998,63934.73445560738,19368.709481264472,237.5894599999998,19131.120021264476,0.001824470588235294,253278
892,0,892,30,4,64170.67614710677,234.7308781249998,63935.94526898178,19371.20200216197,237.5894599999998,19133.61254216197,0.0018258823529411763,253278
893,0,893,30,4,64171.88696048116,234.7308781249998,63937.156082356174,19373.694523059457,237.5894599999998,19136.105063059462,0.0018272941176470587,253278
894,0,894,30,4,64173.09777385556,234.7308781249998,63938.36689573056,19376.18704395695,237.5894599999998,19138.59758395695,0.0018291764705882351,253278
895,0,895,30,4,64174.308587229956,234.7308781249998,63939.57770910495,19378.679564854443,237.5894599999998,19141.090104854447,0.0018310588235294118,253278
896,0,896,30,4,64175.519400604346,234.7308781249998,63940.78852247935,19381.17208575194,237.5894599999998,19143.58262575194,0.0018329411764705882,253278
897,0,897,30,4,64176.730213978735,234.7308781249998,63941.99933585375,19383.66460664943,237.5894599999998,19146.075146649433,0.0018348235294117646,253278
898,0,898,30,4,64177.94102735313,234.7308781249998,63943.210149228136,19386.15712754692,237.5894599999998,19148.567667546922,0.0018362352941176472,253278
899,0,899,30,4,64179.15184072753,234.7308781249998,63944.420962602526,19388.649648444414,237.5894599999998,19151.06018844442,0.001837176470588235,253278
900,0,900,30,4,64180.36265410192,234.7308781249998,63945.63177597692,19391.14216934191,237.5894599999998,19153.55270934191,0.0018385882352941177,253278
901,0,901,30,4,64181.57346747631,234.7308781249998,63946.84258935132,19393.6346902394,237.5894599999998,19156.045230239404,0.0018404705882352943,253278
902,0,902,30,4,64182.784280850705,234.7308781249998,63948.05340272571,19396.127211136893,237.5894599999998,19158.537751136893,0.0018423529411764705,253278
903,0,903,30,4,64183.9950942251,234.7308781249998,63949.2642161001,19398.619732034385,237.5894599999998,19161.03027203439,0.001844235294117647,253278
904,0,904,30,4,64185.20590759949,234.7308781249998,63950.475029474495,19401.11225293188,237.5894599999998,19163.522792931883,0.0018461176470588236,253278
905,0,905,30,4,64186.41672097388,234.7308781249998,63951.68584284889,19403.60477382937,237.5894599999998,19166.015313829375,0.001847058823529412,253278
906,0,906,30,4,64187.62753434828,234.7308781249998,63952.89665622328,19406.097294726864,237.5894599999998,19168.507834726865,0.0018489411764705884,253278
907,0,907,30,4,64188.838347722674,234.7308781249998,63954.10746959767,19408.589815624357,237.5894599999998,19171.00035562436,0.0018508235294117646,253278
908,0,908,30,4,64190.049161097064,234.7308781249998,63955.31828297207,19411.082336521853,237.5894599999998,19173.492876521854,0.0018527058823529414,253278
909,0,909,30,4,64191.25997447145,234.7308781249998,63956.529096346465,19413.574857419342,237.5894599999998,19175.985397419347,0.0018545882352941176,253278
910,0,910,30,4,64192.47078784585,234.7308781249998,63957.739909720854,19416.067378316835,237.5894599999998,19178.477918316836,0.0018559999999999998,253278
911,0,911,30,4,64193.68160122025,234.7308781249998,63958.950723095244,19418.559899214328,237.5894599999998,19180.970439214332,0.0018578823529411764,253278
912,0,912,30,4,64194.89241459464,234.7308781249998,63960.16153646964,19421.052420111824,237.5894599999998,19183.462960111825,0.0018597647058823533,253278
913,0,913,30,4,64196.103227969026,234.7308781249998,63961.37234984404,19423.544941009313,237.5894599999998,19185.955481009318,0.0018616470588235295,253278
914,0,914,30,4,64197.31404134342,234.7308781249998,63962.58316321843,19426.037461906806,237.5894599999998,19188.448001906807,0.001863529411764706,253278
915,0,915,30,4,64198.52485471782,234.7308781249998,63963.79397659282,19428.5299828043,237.5894599999998,19190.940522804303,0.0018654117647058826,253278
916,0,916,30,4,64199.73566809221,234.7308781249998,63965.00478996721,19431.022503701795,237.5894599999998,19193.433043701796,0.0018668235294117647,253278
917,0,917,30,4,64200.9464814666,234.7308781249998,63966.21560334161,19433.515024599285,237.5894599999998,19195.92556459929,0.001868235294117647,253278
918,0,918,30,4,64202.157294840996,234.7308781249998,63967.426416716,19436.007545496777,237.5894599999998,19198.418085496778,0.0018701176470588235,253278
919,0,919,30,4,64203.36810821539,234.7308781249998,63968.63723009039,19438.50006639427,237.5894599999998,19200.910606394275,0.0018715294117647057,253278
920,0,920,30,4,64204.57892158978,234.7308781249998,63969.848043464786,19440.992587291767,237.5894599999998,19203.403127291767,0.0018729411764705879,253278
921,0,921,30,4,64205.78973496417,234.7308781249998,63971.05885683918,19443.485108189256,237.5894599999998,19205.89564818926,0.0018748235294117645,253278
922,0,922,30,4,64207.00054833857,234.7308781249998,63972.26967021357,19445.97762908675,237.5894599999998,19208.38816908675,0.0018767058823529414,253278
923,0,923,30,4,64208.211361712965,234.7308781249998,63973.48048358796,19448.47014998424,237.5894599999998,19210.880689984246,0.0018781176470588235,253278
924,0,924,30,4,64209.422175087355,234.7308781249998,63974.69129696236,19450.962670881738,237.5894599999998,19213.37321088174,0.0018795294117647055,253278
925,0,925,30,4,64210.632988461744,234.7308781249998,63975.902110336756,19453.455191779227,237.5894599999998,19215.86573177923,0.001880941176470588,253278
926,0,926,30,4,64211.84380183614,234.7308781249998,63977.112923711145,19455.94771267672,237.5894599999998,19218.35825267672,0.0018823529411764706,253278
927,0,927,30,4,64213.05461521054,234.7308781249998,63978.323737085535,19458.440233574212,237.5894599999998,19220.850773574217,0.0018842352941176469,253278
928,0,928,30,4,64214.26542858493,234.7308781249998,63979.53455045993,19460.93275447171,237.5894599999998,19223.34329447171,0.0018861176470588237,253278
929,0,929,30,4,64215.47624195932,234.7308781249998,63980.74536383433,19463.425275369198,237.5894599999998,19225.835815369202,0.001888,253278
930,0,930,30,4,64216.687055333714,234.7308781249998,63981.95617720872,19465.91779626669,237.5894599999998,19228.32833626669,0.0018889411764705882,253278
931,0,931,30,4,64217.89786870811,234.7308781249998,63983.16699058311,19468.410317164184,237.5894599999998,19230.820857164188,0.0018903529411764704,253278
932,0,932,30,4,64219.1086820825,234.7308781249998,63984.377803957505,19470.90283806168,237.5894599999998,19233.31337806168,0.0018922352941176473,253278
933,0,933,30,4,64220.31949545689,234.7308781249998,63985.5886173319,19473.39535895917,237.5894599999998,19235.805898959174,0.0018941176470588235,253278
934,0,934,30,4,64221.53030883129,234.7308781249998,63986.79943070629,19475.887879856662,237.5894599999998,19238.298419856663,0.0018950588235294114,253278
935,0,935,30,4,64222.74112220568,234.7308781249998,63988.01024408068,19478.380400754155,237.5894599999998,19240.79094075416,0.001896470588235294,253278
936,0,936,30,4,64223.95193558007,234.7308781249998,63989.22105745508,19480.87292165165,237.5894599999998,19243.283461651652,0.0018978823529411765,253278
937,0,937,30,4,64225.16274895446,234.7308781249998,63990.431870829474,19483.36544254914,237.5894599999998,19245.775982549145,0.0018992941176470587,253278
938,0,938,30,4,64226.37356232886,234.7308781249998,63991.64268420386,19485.857963446633,237.5894599999998,19248.268503446634,0.001901176470588235,253278
939,0,939,30,4,64227.584375703256,234.7308781249998,63992.85349757825,19488.350484344126,237.5894599999998,19250.76102434413,0.0019025882352941175,253278
940,0,940,30,4,64228.795189077646,234.7308781249998,63994.06431095265,19490.843005241622,237.5894599999998,19253.253545241623,0.0019044705882352941,253278
941,0,941,30,4,64230.006002452035,234.7308781249998,63995.27512432705,19493.33552613911,237.5894599999998,19255.746066139116,0.0019054117647058823,253278
942,0,942,30,4,64231.21681582643,234.7308781249998,63996.485937701436,19495.828047036604,237.5894599999998,19258.238587036605,0.001907294117647059,253278
943,0,943,30,4,64232.42762920083,234.7308781249998,63997.696751075826,19498.320567934097,237.5894599999998,19260.7311079341,0.0019091764705882353,253278
944,0,944,30,4,64233.63844257522,234.7308781249998,63998.90756445022,19500.813088831594,237.5894599999998,19263.223628831594,0.0019105882352941177,253278
945,0,945,30,4,64234.84925594961,234.7308781249998,64000.11837782462,19503.305609729083,237.5894599999998,19265.716149729087,0.0019124705882352941,253278
946,0,946,30,4,64236.060069324005,234.7308781249998,64001.32919119901,19505.798130626576,237.5894599999998,19268.208670626576,0.0019138823529411767,253278
947,0,947,30,4,64237.2708826984,234.7308781249998,64002.5400045734,19508.29065152407,237.5894599999998,19270.701191524073,0.001915764705882353,253278
948,0,948,30,4,64238.48169607279,234.7308781249998,64003.750817947795,19510.783172421565,237.5894599999998,19273.193712421566,0.0019167058823529412,253278
949,0,949,30,4,64239.69250944718,234.7308781249998,64004.96163132219,19513.275693319054,237.5894599999998,19275.68623331906,0.0019181176470588234,253278
950,0,950,30,4,64240.90332282158,234.7308781249998,64006.17244469658,19515.768214216547,237.5894599999998,19278.178754216548,0.0019199999999999998,253278
951,0,951,30,4,64242.114136195974,234.7308781249998,64007.38325807097,19518.26073511404,237.5894599999998,19280.671275114044,0.0019218823529411765,253278
952,0,952,30,4,64243.324949570364,234.7308781249998,64008.59407144537,19520.753256011536,237.5894599999998,19283.163796011537,0.0019237647058823527,253278
953,0,953,30,4,64244.53576294475,234.7308781249998,64009.804884819765,19523.245776909025,237.5894599999998,19285.65631690903,0.0019256470588235291,253278
954,0,954,30,4,64245.74657631915,234.7308781249998,64011.015698194155,19525.738297806518,237.5894599999998,19288.14883780652,0.0019275294117647058,253278
955,0,955,30,4,64246.95738969355,234.7308781249998,64012.226511568544,19528.23081870401,237.5894599999998,19290.641358704015,0.0019294117647058822,253278
956,0,956,30,4,64248.16820306794,234.7308781249998,64013.43732494294,19530.723339601507,237.5894599999998,19293.133879601508,0.0019308235294117643,253278
957,0,957,30,4,64249.379016442326,234.7308781249998,64014.64813831734,19533.215860498996,237.5894599999998,19295.626400499,0.001932705882352941,253278
958,0,958,30,4,64250.58982981672,234.7308781249998,64015.85895169173,19535.70838139649,237.5894599999998,19298.11892139649,0.0019336470588235293,253278
959,0,959,30,4,64251.80064319112,234.7308781249998,64017.06976506612,19538.200902293982,237.5894599999998,19300.611442293986,0.0019355294117647057,253278
960,0,960,30,4,64253.01145656551,234.7308781249998,64018.28057844051,19540.69342319148,237.5894599999998,19303.10396319148,0.0019369411764705881,253278
961,0,961,30,4,64254.2222699399,234.7308781249998,64019.49139181491,19543.185944088968,237.5894599999998,19305.596484088972,0.0019378823529411762,253278
962,0,962,30,4,64255.433083314296,234.7308781249998,64020.7022051893,19545.67846498646,237.5894599999998,19308.08900498646,0.0019392941176470586,253278
963,0,963,30,4,64256.64389668869,234.7308781249998,64021.91301856369,19548.170985883953,237.5894599999998,19310.581525883958,0.0019402352941176471,253278
964,0,964,30,4,64257.85471006308,234.7308781249998,64023.12383193809,19550.66350678145,237.5894599999998,19313.07404678145,0.0019411764705882354,253278
965,0,965,30,4,64259.06552343747,234.7308781249998,64024.33464531248,19553.15602767894,237.5894599999998,19315.566567678943,0.0019425882352941176,253278
966,0,966,30,4,64260.27633681187,234.7308781249998,64025.54545868687,19555.64854857643,237.5894599999998,19318.059088576432,0.0019439999999999995,253278
967,0,967,30,4,64261.487150186265,234.7308781249998,64026.75627206126,19558.141069473924,237.5894599999998,19320.55160947393,0.0019454117647058821,253278
968,0,968,30,4,64262.697963560655,234.7308781249998,64027.96708543566,19560.63359037142,237.5894599999998,19323.04413037142,0.0019468235294117647,253278
969,0,969,30,4,64263.908776935044,234.7308781249998,64029.177898810056,19563.12611126891,237.5894599999998,19325.536651268914,0.0019482352941176469,253278
970,0,970,30,4,64265.11959030944,234.7308781249998,64030.388712184445,19565.618632166403,237.5894599999998,19328.029172166403,0.0019501176470588235,253278
971,0,971,30,4,64266.33040368384,234.7308781249998,64031.599525558835,19568.111153063895,237.5894599999998,19330.5216930639,0.001952,253278
972,0,972,30,4,64267.54121705823,234.7308781249998,64032.81033893323,19570.603673961392,237.5894599999998,19333.014213961393,0.0019529411764705883,253278
973,0,973,30,4,64268.75203043262,234.7308781249998,64034.02115230763,19573.09619485888,237.5894599999998,19335.506734858885,0.001954352941176471,253278
974,0,974,30,4,64269.962843807014,234.7308781249998,64035.23196568202,19575.588715756374,237.5894599999998,19337.999255756375,0.0019562352941176466,253278
975,0,975,30,4,64271.17365718141,234.7308781249998,64036.44277905641,19578.081236653867,237.5894599999998,19340.49177665387,0.0019576470588235292,253278
976,0,976,30,4,64272.3844705558,234.7308781249998,64037.653592430805,19580.573757551363,237.5894599999998,19342.984297551364,0.001959529411764706,253278
977,0,977,30,4,64273.59528393019,234.7308781249998,64038.8644058052,19583.066278448852,237.5894599999998,19345.476818448857,0.001960470588235294,253278
978,0,978,30,4,64274.80609730459,234.7308781249998,64040.07521917959,19585.558799346345,237.5894599999998,19347.969339346346,0.0019618823529411766,253278
979,0,979,30,4,64276.01691067898,234.7308781249998,64041.28603255398,19588.051320243838,237.5894599999998,19350.461860243842,0.001963764705882353,253278
980,0,980,30,4,64277.22772405337,234.7308781249998,64042.49684592838,19590.543841141334,237.5894599999998,19352.954381141335,0.001965176470588235,253278
981,0,981,30,4,64278.43853742776,234.7308781249998,64043.707659302774,19593.036362038823,237.5894599999998,19355.446902038828,0.0019670588235294116,253278
982,0,982,30,4,64279.64935080216,234.7308781249998,64044.918472677164,19595.528882936316,237.5894599999998,19357.939422936317,0.001968470588235294,253278
983,0,983,30,4,64280.860164176556,234.7308781249998,64046.12928605155,19598.02140383381,237.5894599999998,19360.431943833813,0.0019698823529411763,253278
984,0,984,30,4,64282.070977550946,234.7308781249998,64047.34009942595,19600.513924731305,237.5894599999998,19362.924464731306,0.001971294117647059,253278
985,0,985,30,4,64283.281790925335,234.7308781249998,64048.55091280035,19603.006445628795,237.5894599999998,19365.4169856288,0.001973176470588235,253278
986,0,986,30,4,64284.49260429973,234.7308781249998,64049.76172617474,19605.498966526287,237.5894599999998,19367.909506526288,0.001975058823529412,253278
987,0,987,30,4,64285.70341767413,234.7308781249998,64050.972539549126,19607.99148742378,237.5894599999998,19370.402027423785,0.001976941176470588,253278
988,0,988,30,4,64286.91423104852,234.7308781249998,64052.18335292352,19610.484008321277,237.5894599999998,19372.894548321277,0.0019788235294117646,253278
989,0,989,30,4,64288.12504442291,234.7308781249998,64053.39416629792,19612.976529218766,237.5894599999998,19375.38706921877,0.0019797647058823527,253278
990,0,990,30,4,64289.335857797305,234.7308781249998,64054.60497967231,19615.46905011626,237.5894599999998,19377.87959011626,0.001981647058823529,253278
991,0,991,30,4,64290.5466711717,234.7308781249998,64055.8157930467,19617.96157101375,237.5894599999998,19380.372111013756,0.001983529411764706,253278
992,0,992,30,4,64291.75748454609,234.7308781249998,64057.026606421095,19620.454091911248,237.5894599999998,19382.86463191125,0.001984941176470588,253278
993,0,993,30,4,64292.96829792048,234.7308781249998,64058.23741979549,19622.946612808737,237.5894599999998,19385.35715280874,0.0019863529411764703,253278
994,0,994,30,4,64294.17911129488,234.7308781249998,64059.44823316988,19625.43913370623,237.5894599999998,19387.84967370623,0.001987764705882353,253278
995,0,995,30,4,64295.389924669274,234.7308781249998,64060.65904654427,19627.931654603723,237.5894599999998,19390.342194603727,0.001989176470588235,253278
996,0,996,30,4,64296.600738043664,234.7308781249998,64061.86985991867,19630.42417550122,237.5894599999998,19392.83471550122,0.0019910588235294117,253278
997,0,997,30,4,64297.81155141805,234.7308781249998,64063.080673293065,19632.916696398708,237.5894599999998,19395.327236398713,0.0019929411764705884,253278
998,0,998,30,4,64299.02236479245,234.7308781249998,64064.291486667455,19635.4092172962,237.5894599999998,19397.8197572962,0.0019943529411764705,253278
999,0,999,30,4,64300.23317816685,234.7308781249998,64065.502300041844,19637.901738193694,237.5894599999998,19400.312278193698,0.0019952941176470586,253278
1000,0,1000,30,4,64301.44399154124,234.7308781249998,64066.71311341624,19640.39425909119,237.5894599999998,19402.80479909119,0.001995764705882353,253278
